10000
9 2
3 74
10 4
5 42
7 60
4 84
9 25
5 37
7 52
4 59
10 96
4 88
5 83
10 75
2 86
9 69
10 19
2 18
2 46
10 59
5 44
10 57
2 60
2 70
6 80
5 23
9 0
9 7
5 85
3 2
3 24
4 39
1 87
4 90
2 97
2 73
6 59
3 68
1 13
7 91
6 81
5 87
6 100
5 87
4 60
3 18
9 16
8 28
1 11
5 13
5 92
5 23
3 94
10 14
4 31
3 43
8 25
5 34
3 17
3 54
7 17
6 61
7 9
4 28
3 28
2 33
8 22
10 42
9 55
3 97
8 19
6 14
1 77
4 25
1 90
3 43
9 68
1 88
8 0
2 37
4 79
9 68
6 75
5 90
3 0
4 76
2 82
10 94
6 72
2 79
4 87
9 71
8 32
8 20
3 85
1 13
5 21
7 17
9 72
8 50
6 16
3 72
6 50
6 83
6 80
6 15
1 16
10 5
6 27
2 78
4 49
1 62
6 9
1 72
2 91
3 41
5 4
8 85
9 89
1 45
5 47
10 88
6 80
5 85
1 21
10 52
7 13
1 97
9 50
7 20
6 64
8 11
2 68
8 38
9 7
7 78
7 2
4 32
5 84
2 78
3 52
7 38
4 87
4 33
2 58
9 34
1 99
1 10
10 13
1 10
7 50
9 54
10 27
8 64
8 45
6 84
7 79
1 49
10 84
4 93
1 39
2 16
2 79
4 32
1 76
4 75
10 87
7 36
8 93
4 20
8 5
7 32
9 94
10 85
3 7
5 71
2 55
8 7
9 86
3 39
9 22
7 24
9 68
10 85
1 18
1 41
9 24
5 65
1 75
7 95
3 36
8 44
3 25
2 11
1 61
10 45
5 57
9 44
10 28
2 19
1 93
6 8
7 53
7 90
6 37
6 59
4 14
7 97
1 38
7 5
6 6
6 69
1 67
7 57
1 1
6 94
8 40
2 17
7 13
8 22
5 83
2 65
2 72
7 53
3 32
6 53
2 91
9 65
9 87
2 98
9 72
10 20
3 43
10 96
3 18
1 47
1 64
3 64
1 93
6 48
9 66
7 8
7 23
8 97
2 6
2 90
6 42
7 35
6 23
7 25
9 79
7 100
4 61
10 36
9 59
5 95
7 77
1 92
3 21
5 16
3 64
6 37
9 84
8 6
9 83
1 67
3 12
8 73
10 55
3 47
1 81
9 17
4 24
3 95
1 23
7 10
8 73
9 85
9 22
3 67
10 20
8 74
5 72
5 20
3 84
6 96
9 27
4 74
4 58
10 91
4 46
7 89
5 23
2 14
9 42
9 9
4 56
1 71
9 96
7 68
4 93
1 41
7 74
6 81
5 71
10 33
6 25
8 25
9 67
8 74
1 56
5 48
1 15
6 18
7 50
7 44
2 97
2 70
3 75
1 72
8 85
4 64
8 55
7 0
7 99
8 39
10 46
3 75
3 22
1 86
6 31
5 50
6 24
3 23
10 58
10 11
9 92
4 8
6 3
9 31
3 18
10 9
6 95
4 52
2 49
8 16
8 45
2 28
5 28
7 100
10 87
6 96
2 87
1 78
10 48
7 30
9 43
8 18
10 75
10 13
9 19
9 38
4 94
6 78
2 34
1 86
6 7
6 61
2 72
1 48
8 52
1 63
9 93
5 29
4 89
2 92
9 70
7 55
9 29
4 68
1 78
8 8
5 17
1 41
10 86
2 57
7 67
7 59
9 22
2 94
6 99
1 77
2 21
7 32
5 29
6 32
3 17
5 91
5 56
9 11
2 95
8 62
4 46
3 83
5 19
3 3
8 19
1 54
9 48
3 70
9 2
3 47
5 59
10 15
5 66
4 55
1 9
6 15
1 43
4 29
6 19
6 57
4 77
3 13
2 22
3 64
5 92
2 33
3 6
3 4
10 77
2 17
4 96
9 89
2 56
7 34
4 16
7 30
10 80
2 92
3 59
5 86
7 37
5 95
1 89
3 26
2 58
4 28
8 32
8 33
4 37
9 54
4 6
9 60
5 43
7 16
3 34
4 97
8 34
10 9
6 16
6 50
6 16
4 3
2 56
2 16
8 32
7 26
6 71
1 62
10 4
5 20
6 7
9 73
5 43
3 81
3 36
4 82
3 5
6 39
3 10
5 98
6 80
1 77
7 51
10 47
1 45
2 36
2 41
2 33
5 36
7 35
5 2
1 81
7 77
10 98
9 59
9 59
3 17
3 44
3 76
2 32
2 36
1 38
4 58
5 57
3 47
8 55
4 71
2 24
3 66
1 2
9 72
6 29
9 26
9 30
9 47
7 77
3 93
1 95
9 35
9 38
7 40
3 52
1 89
6 6
8 57
10 78
6 77
8 98
7 70
4 66
3 5
2 41
1 71
8 97
1 25
4 17
8 12
7 74
9 30
4 97
4 50
8 48
3 81
5 69
9 51
1 59
7 21
8 28
7 1
1 71
9 44
1 75
9 60
2 41
10 22
1 91
2 88
9 83
9 73
4 32
7 52
1 67
5 74
1 17
2 82
7 99
8 62
3 83
1 67
2 24
10 94
1 69
4 48
5 63
5 90
2 82
2 55
4 27
2 33
6 61
5 87
7 62
2 15
7 7
3 7
5 56
4 97
10 59
1 61
1 71
9 27
5 79
10 67
2 75
8 1
10 24
2 86
2 70
5 7
7 52
8 70
8 48
9 14
9 17
9 68
5 4
9 18
8 15
2 52
5 44
5 85
10 18
9 95
9 39
6 16
4 2
2 66
10 64
4 50
4 38
6 38
5 92
7 86
8 59
2 93
4 19
8 56
6 73
6 27
6 17
8 43
9 71
3 95
6 63
3 41
9 52
4 79
4 75
9 46
9 13
3 52
1 9
4 52
7 10
5 4
5 34
3 96
9 78
8 20
6 98
7 49
6 9
9 60
1 78
5 20
7 77
3 51
10 74
3 3
5 61
4 22
2 77
8 85
2 81
7 47
4 96
5 88
9 20
1 59
9 84
1 54
5 29
7 93
10 5
10 29
10 81
10 45
1 5
2 59
9 63
8 62
6 71
1 7
3 2
9 52
3 83
7 57
6 1
1 84
1 28
8 59
6 39
7 58
10 23
10 73
9 37
2 14
4 46
4 42
7 80
9 10
2 67
7 92
9 54
8 46
10 56
6 10
8 23
10 82
9 72
6 22
1 14
3 34
2 17
8 85
7 16
2 90
6 43
6 77
5 24
3 32
6 48
10 95
1 29
9 21
10 81
8 3
3 79
9 6
3 4
9 1
9 68
2 11
6 2
4 83
6 45
2 7
9 12
5 4
1 7
4 47
6 41
3 0
10 34
10 75
6 5
4 24
9 83
9 37
4 44
3 5
9 51
9 51
1 95
9 21
5 74
5 39
4 49
2 87
9 65
1 11
2 42
5 60
9 62
1 45
5 39
6 45
6 14
10 65
6 23
9 62
1 46
3 62
2 62
9 75
9 61
2 2
10 2
7 42
3 6
7 4
8 18
9 54
5 55
7 100
7 41
9 55
5 12
6 94
6 96
7 75
9 37
10 28
8 81
2 17
1 55
5 24
8 35
5 16
8 18
2 17
5 39
7 1
10 34
10 33
5 20
7 40
1 25
6 71
8 82
9 61
7 19
6 6
5 56
8 22
4 96
7 65
2 12
6 48
2 61
8 61
1 17
4 72
4 14
8 0
4 67
3 76
8 15
8 77
8 99
8 16
10 85
4 84
4 95
5 88
6 26
7 69
5 81
7 97
10 35
1 91
4 52
4 5
8 5
5 63
10 50
2 59
1 25
1 80
10 4
7 54
10 36
7 72
7 34
7 80
3 72
1 31
7 7
2 97
8 90
9 20
4 23
2 73
1 73
9 88
10 6
10 12
10 55
5 94
3 97
8 20
7 10
8 82
10 57
4 48
5 17
8 39
8 79
1 90
1 94
10 79
4 92
6 15
6 71
10 27
8 58
7 15
8 91
10 75
4 75
2 19
2 48
4 31
2 78
2 0
10 67
7 38
6 67
8 95
1 46
2 67
4 76
1 84
1 5
6 66
1 4
1 3
9 68
2 67
4 34
3 6
5 92
10 37
8 3
10 16
4 73
7 26
9 10
9 92
6 92
7 57
9 77
1 80
5 5
7 69
5 4
3 64
3 17
9 35
4 98
7 41
5 60
2 82
8 21
4 49
7 96
1 12
8 86
7 20
5 28
10 44
10 85
1 23
9 6
6 7
3 70
6 9
6 100
9 2
3 51
3 55
4 10
10 33
5 39
9 5
1 19
2 100
10 63
9 31
8 40
2 28
4 31
9 73
10 95
6 88
6 93
9 73
10 29
1 37
9 30
4 0
10 30
9 2
2 19
3 55
8 99
9 11
4 91
9 60
6 75
9 43
7 95
1 70
3 90
10 56
7 16
4 9
3 40
2 10
6 21
3 65
6 58
7 81
4 79
8 21
3 84
8 94
6 32
6 93
3 38
8 41
5 76
7 75
9 17
10 57
10 12
2 0
2 66
1 68
1 53
3 5
2 42
2 2
8 6
9 34
5 3
6 6
7 46
8 51
9 71
5 1
2 50
1 11
5 5
1 0
5 18
5 19
2 24
1 27
8 26
8 94
2 75
7 67
2 20
8 64
2 23
7 2
1 57
2 49
6 37
7 31
4 68
5 42
3 45
10 74
8 39
7 35
3 97
10 11
10 81
5 49
6 13
6 34
1 7
9 36
5 87
8 5
10 44
4 85
8 3
4 87
10 83
10 41
2 49
5 80
4 20
4 43
1 100
9 84
1 61
4 25
6 61
6 81
6 79
1 78
5 89
1 78
2 37
6 36
2 17
10 33
7 52
1 3
9 72
8 27
7 37
7 95
7 23
3 35
5 65
10 50
9 12
6 25
10 75
9 4
7 71
8 29
4 46
7 36
3 12
9 27
3 16
10 47
7 84
3 94
1 3
10 34
6 87
7 48
8 39
4 81
10 69
10 69
3 31
5 34
5 3
5 57
5 91
3 56
1 31
1 65
1 41
8 27
4 71
10 94
3 67
5 38
8 37
10 52
1 6
9 59
9 80
9 76
4 20
1 85
1 73
7 0
7 70
4 67
7 27
4 97
8 64
4 31
6 90
2 56
1 94
6 16
4 56
3 51
1 37
9 48
2 94
8 8
7 77
4 44
10 13
3 17
2 38
9 17
1 40
6 14
4 11
10 2
8 41
7 93
10 89
1 46
6 12
8 77
1 99
3 83
1 100
4 82
8 13
3 34
8 63
9 26
6 81
7 60
4 81
4 58
6 61
2 60
7 34
1 0
5 61
8 92
7 62
9 42
3 30
1 45
7 38
2 7
6 20
1 53
6 36
9 56
10 75
3 3
8 19
10 15
9 21
2 16
2 98
4 57
10 76
7 21
8 35
7 14
3 65
3 88
9 80
3 72
7 24
9 93
6 46
6 90
3 44
10 48
4 62
4 9
2 4
9 0
7 22
10 57
1 85
10 97
1 87
4 93
10 50
9 49
9 13
4 39
10 30
1 59
7 13
3 84
7 25
7 51
3 43
7 67
9 12
9 52
9 65
9 26
5 74
2 79
8 3
4 7
7 77
9 38
10 29
6 81
2 65
4 20
10 29
2 52
4 67
6 61
9 66
5 78
1 49
9 84
3 33
2 10
2 46
10 98
8 4
5 21
10 35
7 18
1 59
6 48
1 56
7 82
6 88
7 14
9 19
6 55
4 39
7 46
9 90
6 20
8 58
1 15
3 89
6 46
6 6
2 30
2 49
8 75
7 39
10 76
3 25
2 73
10 15
2 97
10 28
9 84
9 32
5 19
9 17
3 19
6 98
1 70
3 72
8 68
6 31
3 30
5 25
1 61
3 77
2 2
4 17
4 40
1 20
4 95
2 70
8 93
7 22
4 37
4 66
3 65
1 79
10 83
4 88
8 4
3 95
1 53
9 66
6 13
2 58
4 17
6 98
6 20
9 13
8 42
2 47
8 81
6 78
4 11
9 44
6 45
6 79
1 77
8 56
7 39
3 42
1 8
4 39
4 22
3 36
4 77
5 58
5 40
2 18
8 60
1 39
6 3
10 52
5 3
1 5
6 10
10 40
1 33
5 27
9 1
3 71
6 28
8 90
2 10
9 63
1 22
4 100
1 59
6 76
3 55
6 92
2 59
6 4
5 20
3 8
9 40
4 69
5 14
1 9
9 52
1 91
5 3
6 61
9 97
3 54
4 26
6 63
7 95
2 3
6 32
3 39
3 24
3 9
9 17
5 18
5 32
6 16
3 27
3 34
3 19
8 11
9 38
1 11
10 100
4 68
3 18
2 91
10 87
7 92
9 96
9 25
1 57
3 57
4 46
8 76
3 95
6 22
4 95
5 73
9 82
10 92
5 92
4 66
8 85
5 38
7 36
5 58
3 49
3 72
5 90
9 66
6 25
7 59
5 19
8 73
8 59
6 54
6 50
7 49
1 76
6 80
9 66
2 43
7 37
10 63
1 62
4 88
3 85
6 96
6 9
1 17
3 62
9 38
1 49
5 78
7 43
9 88
2 55
1 77
10 85
4 76
10 69
8 6
7 52
3 57
2 31
9 54
9 16
1 23
6 20
10 58
10 7
10 94
2 80
3 39
3 86
8 21
5 79
1 84
5 28
3 72
1 52
9 57
8 37
2 11
3 10
4 10
2 20
5 22
9 10
4 60
5 3
4 17
7 2
5 99
9 98
7 20
8 81
7 52
5 80
5 52
9 36
1 67
10 43
3 45
4 49
5 34
8 27
8 5
7 73
10 41
6 33
3 17
5 34
9 31
5 6
9 91
6 55
9 11
4 3
4 75
9 5
7 90
9 91
7 96
1 99
8 15
5 100
1 24
1 84
4 49
1 47
7 38
4 77
2 86
5 55
5 62
5 50
2 91
2 89
10 12
4 43
7 44
8 4
10 97
5 91
5 39
3 34
4 47
9 49
10 9
9 21
10 29
9 28
7 98
2 96
10 76
10 92
8 89
4 52
2 22
9 54
8 52
5 62
10 93
8 23
4 10
8 89
6 47
1 88
3 3
4 37
7 22
3 31
1 99
10 71
6 1
5 32
8 42
10 2
1 61
10 35
3 40
1 51
3 45
5 74
8 33
5 29
2 67
5 79
2 48
9 16
5 19
2 71
10 54
5 68
5 57
10 70
4 9
3 35
2 70
9 43
5 15
5 42
7 58
8 77
8 0
5 36
10 84
1 79
5 43
6 47
7 71
3 28
2 49
2 94
1 5
4 16
2 31
3 10
4 92
8 53
6 7
1 7
9 65
4 61
10 48
5 30
2 10
7 61
2 40
6 87
3 27
1 51
5 87
2 42
9 13
3 55
3 65
7 12
6 57
5 27
4 68
10 63
6 69
1 3
4 97
4 36
2 84
9 94
10 70
8 94
9 0
9 81
6 92
10 92
9 47
10 44
6 90
2 93
3 39
5 37
9 36
6 61
3 75
4 68
4 18
8 28
2 94
8 53
10 66
6 54
6 57
1 89
4 19
8 74
8 69
5 88
8 19
6 22
3 79
4 69
6 87
1 3
7 75
7 95
10 2
8 5
4 43
1 7
10 41
2 48
5 30
6 78
10 16
2 85
10 24
4 17
6 65
5 71
8 38
10 50
1 92
2 73
3 72
9 4
6 0
3 79
7 73
6 29
7 71
3 20
9 43
10 11
3 13
4 13
4 85
2 72
5 41
3 48
9 12
2 27
6 68
6 50
8 80
10 20
4 10
3 91
1 12
1 29
7 25
9 20
1 54
1 76
4 95
3 98
10 79
7 58
2 1
4 7
3 48
3 88
9 23
9 38
5 25
8 96
6 44
1 83
3 51
5 78
6 67
7 83
9 97
3 79
8 32
10 33
1 96
8 94
7 62
6 84
4 37
9 99
6 77
3 33
6 89
8 97
4 21
3 98
5 32
1 90
1 100
8 88
10 96
6 13
10 63
8 94
10 18
7 43
7 68
10 85
5 76
2 78
9 90
9 10
1 4
6 7
10 91
9 57
10 79
10 7
10 19
3 70
2 59
3 23
6 41
9 89
8 60
4 7
4 40
6 70
7 96
1 59
10 75
5 39
2 100
7 13
5 60
5 67
8 80
10 86
2 55
5 83
3 36
5 24
3 60
8 41
6 94
4 10
2 73
7 79
2 86
1 47
5 32
2 72
1 66
7 86
9 70
7 5
4 19
3 75
9 34
6 66
1 29
8 19
9 32
3 34
3 22
1 29
9 83
8 58
1 88
4 11
10 79
9 49
7 10
6 62
5 72
2 49
3 57
8 54
10 41
9 50
1 84
2 20
5 1
4 21
1 16
8 20
4 20
1 64
9 87
1 35
3 3
1 29
8 48
6 5
8 13
10 20
8 41
9 16
8 49
7 26
10 43
5 63
4 72
7 71
3 28
7 1
5 16
7 89
10 74
4 96
9 65
1 7
9 23
3 69
3 25
1 46
3 97
4 10
8 45
7 93
2 7
2 48
6 36
2 13
9 12
8 20
5 3
9 97
1 75
6 66
1 87
6 2
6 25
1 89
6 16
8 47
1 61
8 81
7 15
1 97
8 90
3 31
1 44
10 61
1 31
2 91
7 86
8 27
6 82
7 30
9 44
8 85
8 15
6 42
10 94
3 90
8 47
4 63
10 26
2 67
4 99
6 19
6 44
3 25
7 100
9 30
2 58
10 50
8 19
8 54
9 26
8 69
10 1
7 6
6 7
5 63
3 43
4 71
2 9
6 20
4 55
6 36
5 73
9 20
3 0
3 0
7 75
6 84
7 5
3 18
1 70
4 6
3 9
4 44
5 1
9 99
2 85
3 27
10 4
6 17
8 94
6 79
9 8
2 73
3 16
5 21
4 7
2 28
6 44
5 82
2 85
5 17
10 90
10 60
1 37
5 90
10 77
7 81
6 96
7 10
7 80
1 14
5 39
3 52
7 64
5 33
7 72
7 35
5 94
4 48
6 89
9 44
8 66
3 4
5 17
4 78
9 70
1 13
5 16
1 44
5 85
5 88
3 46
1 99
1 19
10 62
2 87
3 42
10 63
2 90
6 49
5 57
9 83
5 34
4 95
1 73
5 48
3 54
1 92
3 94
1 91
10 60
1 84
1 66
6 89
9 97
3 99
10 19
9 29
9 2
4 24
7 95
2 40
2 97
1 66
8 62
2 34
5 70
1 29
9 49
7 56
3 18
9 25
2 7
6 37
6 36
2 88
7 72
3 24
3 63
7 17
4 80
9 93
5 79
1 65
4 16
10 30
1 22
10 89
1 4
3 7
4 70
7 20
5 19
9 8
5 38
2 39
5 93
8 50
4 31
8 81
2 52
6 25
3 6
3 94
9 81
2 72
1 62
2 64
1 62
1 31
9 82
9 31
5 28
5 85
3 56
3 47
6 2
6 49
10 96
7 53
5 40
3 13
4 65
8 81
9 46
3 26
9 63
8 19
4 12
9 12
3 53
10 19
2 87
9 33
9 51
7 57
6 7
5 16
7 57
2 62
2 14
9 95
2 86
1 15
10 68
2 19
7 50
9 85
10 75
1 86
10 40
3 3
5 31
1 52
10 37
2 14
3 0
9 8
2 32
2 91
7 91
4 79
10 36
3 97
1 40
5 91
4 95
4 76
10 3
2 6
9 43
8 66
3 29
2 89
8 26
5 89
2 49
1 8
8 56
2 15
6 5
2 15
3 79
7 66
7 88
4 92
6 33
5 2
1 83
2 90
3 95
2 1
9 1
7 98
5 73
1 88
6 49
9 33
7 97
10 4
1 43
9 65
3 1
9 55
5 73
5 82
1 10
6 63
8 87
3 93
1 83
2 44
1 89
3 32
6 30
8 100
6 44
8 80
7 15
4 49
1 63
3 4
3 51
8 64
2 45
6 21
4 78
10 89
1 37
5 15
6 76
1 86
7 78
1 21
10 82
10 41
2 7
10 42
7 20
3 20
7 8
8 12
4 84
7 24
10 56
10 38
3 51
3 17
1 77
1 29
6 99
4 91
6 46
6 77
1 100
8 45
8 5
9 50
4 78
8 15
7 8
5 78
6 40
8 19
7 87
8 25
8 98
7 7
1 65
3 31
7 64
1 78
8 37
3 13
5 19
1 50
2 7
8 95
3 54
3 97
3 71
9 48
2 15
7 89
4 72
7 67
5 81
7 80
9 88
4 0
9 55
4 97
6 91
1 98
6 52
9 83
1 48
3 25
3 85
9 7
5 3
9 60
8 94
2 74
2 25
9 55
1 62
1 73
9 40
6 93
4 10
5 47
5 19
10 52
7 2
2 73
7 5
3 35
3 24
10 44
2 83
9 21
8 76
9 77
10 90
1 72
2 89
1 91
5 21
6 85
9 45
1 19
1 62
2 1
1 42
1 78
5 16
1 15
5 56
3 78
6 6
4 29
6 69
4 14
8 28
8 56
2 3
1 67
1 38
10 30
4 48
2 10
3 86
6 36
1 53
10 72
7 61
7 3
1 39
5 29
3 20
3 100
7 68
6 34
7 67
4 69
9 18
1 21
5 31
4 75
8 41
5 88
8 90
3 11
8 52
5 85
5 87
2 1
3 100
10 67
8 3
6 54
3 61
2 62
4 3
4 75
4 0
4 49
9 66
6 18
10 60
2 87
10 83
2 42
2 35
1 87
10 12
3 24
9 3
5 83
4 17
10 32
6 100
2 68
6 98
8 41
7 100
9 58
8 59
8 91
9 57
10 47
4 17
9 43
4 35
10 41
5 71
6 67
10 82
4 66
10 11
3 16
10 78
7 100
1 87
10 65
2 80
10 85
10 53
3 81
1 90
10 71
2 38
7 7
1 32
8 29
7 57
10 52
2 82
6 90
8 58
5 6
6 10
6 74
10 17
10 5
2 96
10 23
6 15
6 43
1 96
5 53
7 16
7 55
3 98
9 66
4 2
8 47
8 9
2 95
5 21
9 47
8 57
5 93
9 53
3 24
3 26
10 73
10 85
1 34
7 63
1 15
6 11
10 56
5 73
9 97
4 33
9 74
3 55
4 63
2 74
1 50
1 83
2 4
10 73
1 80
6 93
3 17
4 1
10 19
2 73
5 13
10 87
8 23
5 91
1 65
5 82
3 74
4 0
9 56
10 45
5 23
9 89
6 53
7 30
3 83
1 3
5 37
3 85
7 22
10 7
2 47
2 40
2 97
6 32
6 50
10 30
9 18
3 33
3 28
1 43
10 65
3 67
7 6
3 63
6 95
8 63
9 33
5 19
2 51
6 42
9 74
4 64
1 60
8 69
3 1
6 77
8 14
5 36
8 36
10 98
8 27
10 47
7 67
9 100
4 27
6 45
7 91
7 81
4 12
9 40
2 0
2 63
3 50
5 9
1 73
2 31
8 58
3 82
6 98
4 82
10 43
2 1
10 22
4 100
10 98
2 5
5 92
7 96
1 10
9 20
1 26
7 2
8 46
9 53
6 59
2 23
5 87
10 7
5 17
2 25
6 39
6 28
9 16
4 47
10 25
9 63
5 71
8 14
4 38
2 42
7 62
10 75
2 87
2 15
6 82
10 77
1 76
3 36
6 61
10 24
6 13
5 53
5 13
10 92
8 39
4 25
2 97
10 13
7 54
9 95
10 1
2 31
4 100
5 55
5 87
3 6
8 20
5 96
6 59
4 47
4 6
7 5
8 46
3 87
10 0
3 9
7 5
6 53
5 37
4 30
2 82
5 31
3 16
4 92
1 61
4 68
3 59
2 42
1 82
8 48
9 3
1 95
6 91
6 35
5 45
7 45
2 84
5 95
9 46
9 60
7 54
9 98
4 28
3 10
4 8
7 48
6 9
6 13
3 65
9 18
5 14
4 19
7 89
9 4
10 95
8 55
5 54
9 70
6 16
2 9
10 5
3 16
10 81
6 93
6 55
7 80
6 47
3 29
9 27
2 20
10 41
5 99
7 17
2 37
6 30
7 48
7 10
5 8
10 86
8 88
8 35
5 92
8 53
8 99
2 47
5 1
8 43
4 78
5 53
4 69
7 14
4 76
5 30
4 80
2 14
9 54
6 43
8 77
9 37
1 19
8 6
6 53
10 30
8 46
9 70
8 77
1 31
1 82
2 24
3 55
1 10
6 0
1 72
1 23
8 63
1 64
9 0
7 27
5 50
6 25
6 10
8 52
3 30
8 68
2 23
10 74
9 49
10 36
2 67
6 16
4 31
10 41
5 56
3 56
6 32
9 43
1 65
9 37
9 29
9 79
8 62
10 30
10 91
5 29
4 11
6 55
8 88
3 27
2 74
10 29
7 88
1 52
5 76
4 96
8 21
9 78
6 60
6 29
3 13
9 6
7 87
9 86
7 8
10 2
3 23
6 83
7 5
9 7
5 42
4 73
7 66
9 91
9 30
10 75
10 88
2 28
8 53
1 2
2 72
6 95
2 22
9 86
7 71
5 94
4 3
7 46
5 74
7 14
4 27
4 32
8 11
4 29
3 34
3 88
2 77
8 52
8 91
7 13
6 20
6 79
1 5
2 38
8 73
7 76
5 1
9 71
5 44
7 91
6 1
3 15
2 6
7 14
4 46
1 83
1 21
7 61
3 34
6 41
3 18
10 39
2 15
9 12
1 30
4 1
2 45
7 73
1 30
4 65
6 37
4 23
5 68
9 19
1 72
2 73
10 21
3 50
5 79
5 67
2 75
5 29
2 99
2 31
10 21
9 59
5 76
2 8
10 55
6 86
9 1
8 14
2 70
4 53
3 14
3 9
7 61
9 54
3 82
1 51
9 48
2 26
2 16
5 79
9 62
4 42
5 46
3 38
1 37
3 64
8 95
6 72
9 39
4 13
2 42
7 28
7 49
4 42
6 93
1 86
5 77
2 73
9 71
7 79
3 84
7 41
4 91
9 28
9 53
6 87
10 3
7 13
8 84
2 54
10 88
2 66
9 65
1 59
9 39
6 46
2 71
9 56
1 99
2 19
7 90
4 4
10 0
5 10
10 34
4 28
9 49
9 4
10 19
3 2
6 55
5 65
9 10
4 12
5 55
1 25
1 9
2 21
2 96
4 61
4 43
5 30
3 18
2 87
6 30
9 99
9 87
2 74
9 60
5 62
8 39
3 48
1 21
9 10
3 42
6 26
2 14
2 99
3 4
7 94
5 35
5 14
6 77
3 77
6 38
5 54
2 52
3 51
5 8
9 40
7 99
1 52
3 46
2 2
10 52
8 87
5 24
9 15
1 94
3 36
9 36
8 0
2 41
1 79
5 67
10 100
10 31
5 7
2 41
5 77
9 66
6 30
7 46
8 91
2 71
2 98
3 40
4 88
8 30
5 5
4 33
10 54
4 87
1 4
7 66
4 68
6 23
5 65
4 6
8 54
7 40
8 20
1 91
10 13
8 31
7 97
6 31
10 99
1 82
8 50
2 11
6 67
4 55
5 63
10 45
2 20
1 46
7 9
1 84
3 54
2 80
4 16
5 74
10 82
1 71
6 51
10 76
9 67
9 26
7 2
3 69
8 64
2 83
4 3
9 90
6 8
3 59
4 91
5 99
3 14
5 15
7 55
7 68
10 89
6 36
5 70
4 11
7 22
9 96
4 12
4 32
8 44
2 87
4 99
10 94
2 52
10 62
5 84
3 46
6 47
4 100
3 52
10 23
8 14
8 30
4 77
7 70
9 91
9 91
4 2
6 36
9 84
3 42
8 74
4 25
2 89
1 3
9 43
4 51
9 67
4 95
6 45
9 84
4 8
8 26
5 38
10 59
2 36
2 36
7 76
7 74
9 61
9 24
4 39
8 93
7 75
4 44
9 42
6 8
4 82
9 89
1 30
2 27
3 27
1 86
5 21
3 16
9 76
5 74
9 62
5 53
3 27
10 3
2 75
9 39
4 62
8 24
2 31
3 10
4 11
6 86
1 46
9 99
1 83
4 1
7 99
5 32
7 95
1 45
4 45
1 2
7 87
8 50
5 41
8 71
7 44
10 77
2 75
10 6
6 24
10 7
6 55
3 77
7 22
7 0
3 8
4 5
4 28
7 97
5 76
2 92
4 65
1 30
6 31
5 83
1 87
4 46
7 0
6 38
4 73
4 39
9 15
2 60
7 93
10 15
10 45
8 76
5 93
3 59
4 97
9 90
6 63
7 75
9 91
1 22
4 15
7 100
3 96
4 29
4 66
7 89
8 62
1 80
9 65
4 97
3 51
2 6
2 79
8 14
5 89
10 18
8 41
9 14
10 48
7 66
1 95
8 73
5 23
9 75
9 7
5 39
8 0
3 73
6 46
4 40
3 29
1 89
7 14
8 31
3 16
6 18
6 4
10 1
10 2
7 42
7 17
1 4
10 36
3 39
2 100
6 5
10 71
6 79
4 58
4 76
5 85
3 3
8 51
7 28
10 4
8 85
1 21
1 47
5 71
8 19
7 0
9 81
2 55
2 54
10 61
6 12
6 91
4 53
4 20
4 41
5 26
10 26
2 95
10 27
5 45
4 64
2 99
6 15
5 81
6 23
3 45
1 5
1 28
8 21
4 27
7 52
4 7
1 4
6 38
1 96
10 39
9 49
8 55
8 59
8 85
7 74
8 63
3 49
8 56
5 84
8 82
9 39
3 50
3 53
1 14
9 71
4 23
4 69
4 95
1 11
7 54
9 64
2 93
7 73
9 1
10 20
6 91
9 71
1 37
1 6
3 34
2 43
1 1
2 96
6 89
4 82
1 20
3 22
10 21
6 62
4 21
2 90
8 80
3 95
5 9
6 75
5 49
6 0
6 1
3 95
9 42
8 68
8 12
7 50
5 6
3 7
8 100
3 3
2 64
4 29
2 15
7 27
4 70
5 72
9 25
6 41
1 75
9 96
7 78
2 40
8 98
5 39
7 94
10 29
3 16
4 12
9 29
3 91
7 41
9 34
10 29
5 80
9 79
10 5
4 30
7 91
8 41
7 57
6 34
3 37
3 80
2 58
1 16
1 83
7 42
10 60
4 21
7 41
7 30
4 51
3 33
4 57
5 56
2 53
2 10
1 44
4 9
1 34
5 58
7 1
10 57
7 11
10 54
7 42
3 79
5 76
2 63
2 16
7 37
10 78
5 92
3 32
9 25
7 94
2 5
10 33
2 51
4 65
5 50
2 75
6 55
3 22
9 0
9 69
9 90
4 66
7 59
4 9
3 27
8 64
9 36
7 50
4 41
3 40
10 51
9 99
10 95
1 56
5 36
1 17
4 54
8 83
8 33
10 37
6 18
7 25
7 78
2 86
8 22
9 94
1 75
5 7
9 33
3 42
7 54
3 3
3 37
1 44
3 31
8 19
9 40
7 87
4 10
10 82
6 30
3 57
6 100
10 51
8 23
3 97
6 86
5 91
10 36
10 66
1 86
9 44
2 28
4 42
5 56
10 78
10 78
7 66
2 25
7 46
7 19
1 88
8 86
10 56
2 53
2 21
8 92
1 72
9 90
1 78
3 27
8 55
3 74
1 3
7 85
3 96
5 95
5 82
2 35
10 28
2 33
7 34
6 66
8 34
5 9
4 71
10 96
4 79
10 29
2 10
9 58
1 33
5 21
10 32
3 26
4 77
7 12
6 90
4 0
5 21
4 79
5 72
8 84
4 74
6 34
6 86
3 66
10 2
9 84
3 98
2 77
1 25
8 9
1 56
2 80
2 89
10 20
9 92
2 69
1 6
8 30
3 39
1 49
7 60
3 58
7 21
2 9
8 90
1 67
7 56
9 53
4 57
9 44
1 11
3 18
9 79
10 78
2 58
9 16
7 23
9 57
6 10
2 82
10 15
6 95
1 46
10 24
7 11
6 93
4 35
4 9
7 5
6 35
8 43
5 13
5 96
2 25
8 26
8 64
6 19
4 32
5 8
3 28
4 35
3 94
7 94
3 11
1 55
1 1
10 97
7 64
3 65
10 93
9 45
10 49
6 84
2 49
8 53
9 75
7 98
8 22
2 7
8 12
7 69
8 24
4 58
2 16
9 20
3 79
4 11
10 76
6 74
1 92
6 26
7 0
9 42
9 41
8 67
2 94
10 92
5 77
1 34
3 35
10 66
9 56
5 9
10 74
7 4
7 51
7 85
7 4
6 63
1 10
6 2
4 38
3 49
3 68
7 73
4 100
6 41
9 94
3 3
6 53
3 95
8 21
9 100
3 56
10 23
1 94
6 84
6 16
6 26
1 95
9 34
5 36
10 5
4 87
2 34
3 19
7 100
5 55
2 67
1 11
1 74
4 71
2 66
8 56
6 100
5 43
3 68
2 27
3 27
4 21
5 90
5 60
3 81
6 78
9 82
9 4
9 13
10 8
6 29
9 4
1 18
10 12
2 66
10 56
6 51
6 34
10 99
7 58
7 0
2 15
10 33
10 57
8 36
1 62
10 74
6 46
8 27
2 3
7 76
4 18
8 67
4 100
9 97
3 17
10 42
2 28
7 100
3 35
5 75
7 81
8 49
1 69
8 82
6 81
3 31
7 38
7 82
6 49
6 58
10 14
1 26
8 100
9 94
4 55
4 53
4 16
3 6
7 43
4 54
6 42
9 8
5 83
5 22
10 43
8 43
4 50
2 87
3 7
7 63
8 7
6 30
5 18
1 71
3 86
4 87
8 56
7 55
3 60
3 79
7 95
7 6
10 65
7 31
1 12
7 16
5 49
3 31
3 66
1 98
10 38
5 26
4 97
6 88
3 37
6 49
7 2
5 55
4 66
8 1
10 3
1 30
4 40
10 77
8 57
2 77
3 15
8 35
10 55
7 17
9 15
1 6
1 83
9 57
7 66
10 79
3 56
9 1
3 59
3 71
9 80
6 6
7 10
4 42
4 74
3 16
10 10
4 49
8 46
5 48
10 59
6 33
1 63
3 24
1 72
9 93
4 53
10 51
10 33
5 22
10 17
1 81
6 3
3 80
3 96
1 85
3 41
3 28
3 11
2 22
6 29
2 27
4 12
6 31
6 26
6 35
10 11
6 31
7 30
8 5
6 11
1 83
4 52
4 71
6 73
1 20
3 86
7 68
6 73
9 90
1 47
8 64
5 94
4 82
10 88
10 48
7 34
7 21
4 60
8 52
1 21
7 59
8 29
2 2
3 65
4 94
8 38
6 94
7 96
9 25
1 77
8 75
7 74
1 95
2 2
9 9
9 32
6 65
4 23
2 6
10 34
2 87
4 76
2 90
10 65
3 32
2 21
3 10
1 20
8 52
6 67
2 37
8 8
2 26
1 43
3 3
9 84
5 64
8 48
1 75
8 30
7 44
5 25
2 9
8 61
1 67
8 44
8 94
10 91
6 91
5 100
1 88
1 77
9 73
7 22
5 21
6 43
2 89
7 71
8 53
5 21
5 55
10 77
7 98
3 45
5 27
8 71
8 37
10 49
10 96
3 37
6 21
3 39
7 73
3 20
10 70
6 34
10 57
10 21
2 19
10 77
9 45
9 4
1 10
9 98
6 30
2 39
4 1
8 85
6 20
1 27
3 36
7 35
7 34
2 51
10 69
6 62
10 74
3 32
7 24
3 32
2 89
5 33
3 96
1 22
1 76
2 92
3 10
6 73
8 48
1 30
3 21
4 73
2 2
7 53
2 6
1 42
7 13
8 79
2 23
1 52
7 43
3 69
6 76
5 17
8 12
3 25
2 2
1 37
8 82
9 21
9 90
3 95
10 96
10 98
4 66
4 46
7 37
9 41
3 39
8 38
6 2
5 24
6 56
7 27
2 55
3 16
6 73
3 66
3 11
5 42
6 78
6 27
8 14
8 75
5 68
2 0
6 13
6 2
1 97
9 29
4 29
10 4
3 86
10 78
3 12
6 23
8 19
9 2
2 87
7 11
9 83
4 20
1 100
2 27
6 0
1 15
9 3
7 51
10 26
10 18
6 22
9 78
8 75
6 49
9 66
2 55
3 70
1 38
6 99
6 31
3 31
1 50
9 70
8 69
7 4
2 64
6 42
4 87
8 87
1 83
2 48
7 9
8 72
5 30
2 74
9 40
8 71
5 70
9 6
6 76
7 19
2 56
3 38
8 87
8 90
1 25
8 68
8 76
2 67
2 71
8 69
5 69
3 87
2 35
6 81
9 57
4 25
4 74
7 59
4 62
9 99
2 34
3 88
6 65
6 20
1 61
8 3
1 19
6 17
6 83
4 83
9 2
10 88
10 1
8 97
1 84
7 4
7 7
10 17
2 0
1 11
1 9
4 32
5 90
3 15
8 65
10 0
1 83
8 27
5 49
1 34
3 41
8 78
9 3
3 42
6 23
10 12
2 6
9 32
5 80
5 2
8 49
6 98
9 72
7 20
6 9
9 39
9 14
10 93
9 47
3 70
9 56
4 73
2 7
10 23
7 9
3 56
8 54
3 54
7 96
8 28
9 4
5 96
8 90
3 34
10 32
5 3
10 59
7 84
2 20
2 44
9 4
2 9
9 73
10 11
3 30
5 66
5 71
6 7
10 53
7 9
8 1
3 30
3 91
3 27
9 96
10 79
7 91
5 89
4 9
10 54
5 15
1 36
2 17
2 77
5 43
6 36
7 80
1 89
8 4
3 44
3 6
1 4
5 73
6 34
6 99
7 18
5 4
8 73
8 50
1 53
4 96
2 87
4 70
5 99
9 81
4 76
6 33
5 89
4 79
7 44
4 59
5 80
1 49
5 45
5 73
5 38
1 95
8 56
9 0
2 27
3 62
9 6
2 90
9 58
2 69
10 0
9 93
4 32
9 93
4 61
3 16
9 50
5 74
4 32
4 75
1 61
4 100
7 43
2 22
1 38
5 16
6 6
6 14
7 2
4 83
9 47
3 31
10 22
2 54
5 82
7 9
3 41
5 4
3 30
10 66
9 79
2 54
5 43
8 18
2 80
1 39
10 46
9 79
1 54
9 63
1 4
3 2
2 9
3 51
9 63
1 75
9 65
4 64
4 12
1 17
8 21
6 29
4 68
6 4
9 85
9 63
7 9
1 67
7 56
1 52
1 40
3 58
8 22
3 24
10 87
1 19
5 51
5 11
3 60
10 23
6 61
7 55
1 61
4 14
4 2
7 51
1 19
4 5
4 64
1 41
1 31
4 20
7 37
8 35
9 6
4 6
3 59
10 30
6 92
3 79
10 27
10 59
9 47
5 36
6 91
7 2
2 64
3 98
2 36
10 17
1 87
10 62
7 59
8 82
8 34
10 35
6 76
8 96
3 88
5 67
4 84
4 55
4 55
7 2
7 43
6 3
9 35
9 82
2 21
1 65
4 23
7 56
8 67
6 21
7 75
3 28
8 95
3 48
2 59
9 23
9 48
8 59
4 27
3 46
7 27
7 30
3 12
7 73
3 93
7 54
4 60
5 65
8 34
8 64
9 68
5 55
5 82
6 12
2 93
9 8
10 19
7 38
5 71
10 74
8 16
1 13
2 85
10 21
10 25
1 62
5 29
4 21
6 51
8 32
4 7
1 10
2 39
3 82
5 78
9 8
4 95
4 78
2 16
8 92
5 11
7 32
1 84
6 14
4 3
10 52
7 57
6 73
8 78
9 53
1 22
4 42
7 9
3 4
8 44
5 82
8 89
2 16
3 78
10 18
1 55
2 73
7 21
6 59
6 14
2 23
2 92
3 1
3 54
9 61
5 89
1 86
2 53
5 55
10 43
9 95
1 25
9 34
1 100
10 100
7 59
7 86
10 76
2 15
7 58
3 77
8 6
5 80
1 63
3 75
8 68
2 56
9 99
10 52
2 27
8 33
5 69
2 89
7 68
2 68
8 66
6 78
1 60
2 58
8 32
4 17
1 64
7 22
2 73
5 40
3 20
10 100
8 78
9 6
10 32
4 14
7 33
4 47
10 7
3 11
1 90
4 66
3 63
9 83
8 50
10 97
9 38
5 95
4 53
1 63
5 69
1 95
3 7
7 54
5 43
1 10
4 60
2 85
4 12
2 35
3 100
6 51
1 43
4 95
1 5
6 38
10 79
6 19
3 60
1 55
4 39
6 78
4 45
6 66
6 31
5 48
10 80
8 72
9 37
5 86
10 66
3 98
5 20
4 3
3 59
3 33
1 84
4 92
6 98
4 3
6 97
5 70
1 73
10 64
2 60
3 39
7 87
3 32
5 69
3 81
6 4
4 39
2 14
8 47
4 10
7 83
9 42
6 54
6 69
6 53
7 60
9 46
4 58
2 58
10 70
6 30
1 21
1 94
2 41
6 20
1 87
3 98
4 0
2 22
5 100
5 30
1 38
9 83
8 43
10 71
2 38
4 29
3 82
5 51
10 96
9 55
5 57
5 44
5 8
5 45
4 13
10 13
8 18
6 81
1 54
4 84
4 17
2 65
8 91
3 62
1 10
8 62
5 79
8 0
8 55
9 3
1 0
6 22
7 72
2 74
1 55
4 20
4 22
6 90
3 51
4 34
8 21
4 76
1 55
9 83
2 11
8 25
10 2
10 53
4 78
1 47
6 36
10 13
8 60
8 48
8 10
10 64
5 6
9 83
3 86
6 73
10 46
9 70
4 14
6 51
9 20
4 18
1 7
4 74
6 5
6 16
2 87
5 95
5 81
9 35
4 31
4 56
3 88
3 50
1 3
4 89
7 3
1 30
3 21
7 1
2 24
8 11
3 68
2 3
8 32
4 55
10 6
3 52
8 98
8 32
4 24
5 77
6 63
9 70
1 64
10 1
1 1
2 42
8 16
8 84
5 43
7 86
7 74
10 51
8 53
8 76
6 80
10 100
8 65
10 63
10 65
3 94
4 91
2 41
8 26
4 36
6 52
6 82
10 12
4 22
3 90
3 47
3 51
4 33
3 66
9 30
8 41
2 67
5 96
9 10
5 18
1 84
8 78
5 1
10 8
10 32
6 43
3 59
10 96
2 41
4 59
10 12
6 22
4 19
9 39
7 9
6 36
3 55
4 19
5 68
10 3
5 41
8 69
8 48
7 60
5 31
9 33
9 75
10 71
6 37
8 20
3 44
7 66
10 65
10 27
9 67
4 33
6 47
3 74
3 95
5 1
1 15
10 85
5 31
4 17
3 55
7 64
1 14
8 71
2 39
9 18
5 76
8 57
4 34
4 71
3 43
1 70
10 70
1 39
8 60
3 84
9 1
4 5
4 44
10 23
3 17
1 3
1 57
7 75
3 18
8 9
1 88
2 62
8 98
6 39
6 15
6 70
5 68
8 40
4 83
9 33
6 18
5 60
7 17
5 74
5 12
10 40
6 12
5 88
8 35
10 37
5 31
7 32
8 6
4 55
2 48
2 66
6 6
10 10
8 97
4 91
6 81
2 40
5 34
4 67
4 45
6 83
9 12
2 78
6 37
8 0
10 80
9 89
4 97
7 97
4 69
7 1
10 43
1 30
4 33
2 56
9 19
4 40
2 20
10 43
9 83
5 67
10 86
1 98
6 5
7 64
5 64
9 19
7 2
8 18
4 40
3 28
4 61
6 32
4 3
6 60
6 5
7 37
9 60
1 43
6 62
5 66
7 8
10 12
1 2
4 38
8 71
4 15
4 4
9 66
3 54
4 77
9 99
2 45
3 24
10 80
8 33
4 21
8 39
5 0
4 56
3 27
8 89
5 80
1 14
4 32
5 63
9 1
8 39
4 11
5 70
8 8
6 69
10 41
3 40
10 26
10 3
6 1
4 72
9 85
1 39
1 16
1 0
9 66
7 66
4 64
9 64
9 38
3 16
8 5
5 56
10 11
4 27
4 71
2 8
4 62
3 40
5 51
1 98
3 51
7 96
8 37
1 3
4 35
9 48
2 5
5 81
3 7
6 37
9 88
6 46
9 78
5 28
5 70
1 78
5 35
5 71
2 27
3 44
4 86
7 11
9 98
6 89
9 13
1 42
2 32
6 3
2 84
3 86
6 91
2 3
3 77
8 0
7 54
2 2
4 92
6 88
9 53
10 20
4 44
6 41
8 92
6 97
4 80
4 12
9 60
4 69
1 41
1 35
8 52
1 11
3 87
5 60
6 93
7 81
10 67
7 48
5 1
9 89
7 73
9 67
1 42
6 82
3 96
9 85
9 83
9 73
3 68
1 42
1 12
1 0
1 27
10 90
5 67
10 69
7 18
7 94
9 49
4 5
4 50
4 93
9 26
9 67
6 46
7 46
9 24
2 99
9 40
5 17
1 1
2 85
4 5
3 83
9 61
8 10
1 6
5 28
5 95
8 80
1 9
6 84
1 27
7 46
7 82
10 4
3 34
4 67
5 26
3 65
8 14
8 69
7 72
2 87
5 73
1 77
8 28
4 59
5 6
5 61
9 4
5 64
5 15
5 89
5 84
1 91
9 91
4 10
6 53
6 27
9 81
1 12
8 93
8 56
2 11
4 22
4 14
9 76
8 54
1 32
3 27
2 74
2 4
7 60
5 39
9 41
9 2
2 20
2 43
8 85
8 9
10 48
8 52
1 53
3 49
10 72
7 99
7 45
6 34
2 93
2 95
8 20
5 76
4 72
8 94
6 21
1 49
7 60
2 33
3 78
4 46
5 12
3 48
8 45
8 70
9 23
5 88
3 81
8 98
3 100
3 56
5 84
7 51
5 18
9 89
1 43
5 74
6 38
10 63
7 88
1 6
2 38
9 88
5 75
9 4
5 45
5 66
5 32
7 77
8 75
4 12
7 77
1 14
9 25
4 97
9 46
3 83
1 66
1 35
5 98
10 31
10 45
2 87
1 43
9 50
3 15
1 91
7 53
1 60
6 4
6 93
8 73
4 47
2 48
6 78
4 46
3 93
2 41
8 21
10 62
1 17
4 72
10 87
7 84
1 22
4 43
4 31
4 77
9 75
3 2
4 46
1 25
7 99
4 12
1 80
2 57
5 71
8 26
7 98
9 75
6 5
2 72
2 49
9 41
9 96
4 48
9 89
8 8
1 76
5 18
8 70
4 83
3 32
2 7
8 22
4 86
6 42
9 36
3 74
10 16
10 42
2 27
4 100
3 35
10 84
7 73
1 3
6 79
5 43
8 36
8 67
4 72
9 65
6 44
3 82
7 11
10 97
3 19
5 81
7 8
2 73
6 98
1 73
3 25
3 4
10 39
5 49
6 100
9 69
6 28
8 85
8 67
6 93
7 37
9 22
1 31
1 44
9 17
9 20
7 49
1 69
8 53
3 40
4 97
7 0
3 67
3 42
6 78
5 60
10 100
4 99
9 5
3 24
1 38
1 67
9 41
9 87
3 43
9 73
4 64
3 28
4 7
7 18
2 74
1 100
9 15
8 85
10 88
3 27
8 29
5 29
7 91
7 100
7 41
7 1
7 9
9 33
10 68
10 41
3 5
2 42
3 19
1 60
9 0
5 22
2 82
10 35
10 59
4 82
2 56
8 66
4 24
7 5
3 73
3 9
7 79
10 16
8 97
10 65
6 54
2 30
5 52
9 22
2 88
2 41
7 79
3 65
9 66
10 55
4 73
10 7
2 24
4 97
4 27
8 45
3 34
10 0
9 15
8 10
3 2
1 3
2 63
9 0
4 59
2 98
7 65
5 55
7 70
2 36
6 41
8 41
2 59
2 43
8 37
5 20
6 16
9 32
8 29
6 7
6 41
9 56
3 65
6 64
1 63
9 67
9 81
7 79
4 61
7 51
8 36
5 61
10 33
4 73
7 16
2 13
6 8
6 76
9 29
3 9
8 26
9 47
7 1
7 54
6 36
6 59
5 73
7 69
5 67
10 49
5 15
4 79
2 15
8 1
3 17
3 10
7 83
5 70
6 75
5 59
3 47
7 72
10 13
3 48
5 18
8 17
9 29
5 6
4 31
5 82
3 26
6 19
1 79
3 10
7 70
8 29
5 23
5 2
9 41
5 28
7 97
9 37
2 53
8 82
4 26
8 49
6 64
2 70
9 11
1 77
10 34
5 94
9 87
10 43
5 8
7 76
2 99
3 14
7 61
6 90
5 16
3 84
6 67
4 34
10 97
4 99
8 78
9 2
8 33
2 11
8 26
3 3
9 4
5 86
6 93
7 86
1 45
8 70
6 87
10 85
1 92
5 95
3 33
1 81
2 7
8 43
8 84
9 9
8 12
1 10
2 12
8 60
2 63
4 88
6 62
7 42
1 63
9 30
9 43
10 88
10 25
9 6
7 86
6 3
1 24
6 99
8 28
3 44
4 1
5 52
6 56
8 32
2 72
4 4
10 81
7 1
7 69
5 95
9 94
9 77
2 15
3 92
1 48
9 8
6 42
3 64
2 30
5 68
2 25
1 78
5 62
9 42
7 61
9 9
4 42
1 43
5 65
8 37
10 82
9 50
2 63
10 43
6 74
6 32
4 35
9 61
7 95
4 3
9 49
6 58
2 48
1 57
5 41
3 94
3 37
8 49
1 85
3 87
8 37
1 26
2 28
10 6
3 81
5 58
1 8
4 74
8 97
2 25
7 24
8 58
7 52
8 55
8 0
8 22
10 23
4 2
9 38
4 24
3 75
4 0
1 50
9 38
5 2
9 67
1 51
9 75
10 55
10 100
9 99
8 72
6 90
1 14
3 71
2 73
7 46
9 31
3 78
5 82
1 34
2 44
6 27
9 50
7 53
4 47
3 39
4 95
7 75
8 9
4 45
4 47
9 57
4 99
2 9
3 32
7 12
9 18
5 19
6 40
3 32
3 74
8 70
7 94
4 84
6 85
7 75
8 31
8 64
8 86
7 76
6 19
10 91
5 94
2 83
1 35
3 71
1 56
4 88
9 29
2 75
7 30
4 0
6 68
6 75
7 61
1 99
10 20
9 37
2 23
7 42
10 76
3 50
8 10
4 86
8 29
6 30
6 14
10 40
5 43
9 58
7 8
6 56
1 57
1 4
6 52
7 51
9 54
7 6
3 3
2 8
6 4
7 59
4 8
5 44
6 1
4 14
8 82
9 50
9 58
5 25
2 63
10 97
4 31
5 82
8 7
4 33
2 38
3 53
1 91
4 28
4 13
10 1
10 74
9 50
4 87
10 76
10 43
7 100
2 10
4 83
2 79
4 27
3 41
4 93
6 64
4 46
10 7
1 18
2 25
10 58
5 47
9 87
1 92
9 4
10 63
4 47
7 62
3 2
5 78
9 25
3 63
2 58
3 23
6 83
5 6
7 66
5 52
1 90
1 25
5 88
4 37
2 72
2 11
6 70
3 21
7 20
6 84
1 42
5 54
10 2
9 35
5 70
3 89
2 57
10 10
2 61
5 47
4 97
9 7
10 19
7 98
3 1
3 8
3 48
3 98
10 77
2 25
1 39
6 78
5 46
1 23
5 70
4 47
3 90
8 12
8 90
3 45
5 6
4 84
10 38
3 93
8 34
7 64
6 20
2 1
6 53
10 38
5 4
3 76
7 61
3 84
4 36
7 88
6 79
5 55
8 3
10 35
5 88
1 9
9 4
8 7
8 57
2 9
1 58
10 68
7 57
4 25
5 51
8 16
3 34
1 17
10 6
2 7
1 80
4 71
3 25
8 44
10 99
1 54
5 84
9 33
7 5
1 33
6 65
10 58
10 7
7 58
8 58
3 62
1 69
7 97
9 51
6 1
1 71
4 58
6 65
1 28
10 91
1 71
9 63
9 71
6 37
9 13
10 96
1 2
7 85
4 76
10 43
5 74
10 75
2 57
8 3
8 65
10 24
4 15
7 55
4 65
10 50
8 12
5 86
10 47
4 86
6 50
1 87
8 80
9 68
9 12
5 45
7 50
6 72
4 93
4 57
1 100
4 40
1 100
7 95
10 83
5 14
6 42
4 61
9 39
8 77
6 46
8 52
2 49
10 2
6 23
2 33
6 56
4 31
8 35
3 66
9 71
10 39
9 0
5 54
5 36
6 91
1 87
10 6
6 40
3 95
9 69
4 76
1 0
7 1
7 28
9 21
8 51
3 58
7 92
7 75
2 64
1 31
5 22
4 44
4 57
7 18
1 52
9 78
2 19
9 78
1 31
10 35
4 58
5 63
2 75
2 15
3 43
10 0
9 94
7 87
3 74
6 77
6 66
7 71
1 42
10 2
7 66
4 19
5 71
7 75
9 72
10 32
7 15
6 35
4 100
10 6
2 27
4 73
4 62
9 57
4 67
4 100
7 57
3 85
5 78
7 59
9 25
1 60
5 27
2 63
8 6
3 40
7 98
7 72
10 93
3 56
5 80
3 58
8 72
2 89
7 24
4 51
8 85
1 87
7 57
6 76
2 46
2 60
7 10
1 33
5 11
7 47
9 71
5 32
1 28
3 34
7 31
8 62
1 9
10 41
1 44
10 24
6 47
3 46
2 64
5 33
4 73
5 9
8 67
7 17
6 84
2 15
8 61
6 27
3 38
3 41
1 59
6 91
10 23
5 71
1 35
3 82
4 63
6 44
1 75
2 69
2 98
2 72
2 20
5 46
5 74
3 13
2 22
1 26
2 35
7 42
2 55
7 52
10 25
9 91
1 6
2 99
8 53
1 61
7 23
1 50
8 35
10 61
10 44
4 88
7 24
5 69
2 38
8 88
7 8
7 93
1 81
10 32
5 9
5 95
3 29
6 42
10 24
8 99
9 31
4 51
10 83
2 92
3 15
10 69
7 77
7 46
10 25
9 58
4 98
8 21
5 37
7 100
2 93
10 77
5 70
1 88
5 33
10 55
8 14
10 10
4 53
8 9
2 82
8 25
6 75
8 42
4 82
8 94
4 88
4 50
3 34
6 24
10 9
3 72
8 52
4 41
8 43
1 90
3 76
9 98
9 94
7 86
5 36
6 21
3 77
2 42
6 1
3 20
7 12
4 17
6 93
1 71
1 10
6 40
9 84
1 29
8 40
2 92
2 43
4 24
10 98
4 62
10 72
7 68
6 79
1 47
10 97
8 15
8 99
6 49
6 28
1 84
8 45
4 2
8 24
8 27
6 22
10 88
9 6
4 50
6 62
6 25
1 33
1 28
3 89
10 43
3 82
10 14
2 21
4 39
7 57
4 82
9 7
1 82
1 57
7 39
10 18
8 1
2 84
1 81
6 91
6 47
1 33
5 81
6 63
9 38
7 53
2 56
10 38
10 16
3 93
7 37
3 78
2 76
8 76
1 17
1 96
5 97
9 14
3 37
5 31
6 14
6 50
4 18
3 8
10 65
10 39
3 5
7 50
8 47
10 69
10 48
1 49
9 68
8 65
5 2
2 91
9 47
2 72
10 73
5 64
10 90
10 38
7 38
10 83
1 19
6 16
7 32
3 89
10 73
9 59
7 98
6 78
6 68
3 1
6 2
10 19
6 22
1 7
10 85
9 29
1 81
10 45
7 41
3 63
8 10
8 64
4 41
3 97
3 21
8 72
10 12
9 78
8 43
10 83
5 1
4 98
9 7
4 3
10 87
8 87
6 70
1 46
3 52
3 16
2 40
10 60
7 5
6 3
2 31
9 15
9 18
2 79
5 64
5 21
9 61
2 9
6 42
6 79
8 0
10 74
9 51
8 65
5 55
3 23
9 71
3 57
6 73
9 90
2 81
1 75
2 14
2 89
10 57
1 87
1 35
7 40
3 22
3 93
7 96
9 96
8 100
8 30
9 18
8 62
6 67
7 43
5 26
10 59
7 8
8 12
1 37
9 71
6 0
1 38
1 6
5 49
3 8
10 42
5 22
2 39
6 80
5 63
4 97
3 67
2 96
7 2
10 3
3 25
3 99
2 7
6 95
2 56
8 57
5 19
6 26
1 27
2 7
1 50
9 62
7 35
8 96
4 10
7 73
1 23
6 40
8 64
9 70
10 89
3 21
8 50
5 40
3 49
7 81
9 36
8 25
8 74
5 93
2 39
8 35
5 55
7 94
5 50
7 96
9 41
5 58
2 52
7 19
5 40
6 74
9 60
5 6
2 38
9 25
1 32
5 55
2 18
4 7
10 98
10 10
10 40
10 80
5 0
9 87
7 0
6 98
2 11
2 49
9 46
9 48
7 78
1 31
10 89
6 90
7 44
1 98
3 6
4 73
6 38
5 64
4 97
5 93
1 52
9 64
5 15
3 46
7 46
6 61
5 95
1 41
8 33
7 82
7 11
1 97
10 66
2 92
2 64
4 17
8 21
4 85
9 41
6 62
8 69
9 65
2 46
1 43
4 9
9 36
7 72
10 28
6 52
6 32
6 33
2 14
3 37
2 99
4 98
1 63
5 79
8 51
5 51
2 15
1 58
4 68
3 2
9 64
1 66
1 4
3 74
10 27
5 57
4 89
9 31
2 1
6 78
3 76
10 16
3 29
2 51
10 72
8 55
6 28
4 15
3 61
8 90
2 23
4 63
10 46
10 41
9 83
2 96
2 2
4 44
1 43
5 1
8 26
3 86
8 85
1 48
4 31
9 62
6 3
6 15
6 96
3 7
8 26
10 64
8 37
4 0
10 98
6 11
10 34
3 67
7 72
6 69
10 92
1 75
9 70
10 93
5 75
9 12
5 41
9 3
1 66
5 51
1 64
6 42
2 43
4 75
9 7
2 26
6 35
9 80
7 10
7 8
10 43
9 42
7 18
6 36
5 43
8 25
10 43
3 7
8 4
2 36
1 96
5 61
5 87
1 10
3 47
6 45
3 8
2 42
9 76
4 62
7 41
7 74
7 0
3 91
6 51
7 27
9 46
8 78
9 74
9 66
5 82
6 78
9 37
7 70
3 68
8 10
5 55
7 7
7 48
7 36
3 72
1 64
6 26
6 1
7 25
6 3
4 91
8 96
7 57
1 54
2 9
2 82
7 88
5 0
9 18
3 49
4 51
3 51
6 9
2 88
6 69
4 90
4 24
6 83
2 14
9 2
7 75
3 8
2 71
7 68
10 59
3 19
9 25
8 59
3 88
8 41
8 55
8 76
5 23
5 63
4 39
1 36
3 23
10 44
4 41
5 81
2 17
9 58
8 4
9 100
1 0
8 27
7 7
6 70
3 94
2 1
3 59
5 44
5 61
1 65
1 66
5 35
2 48
1 37
6 45
1 61
5 92
8 20
4 4
6 51
5 5
2 35
1 48
5 21
1 6
5 88
10 63
9 31
2 93
2 73
4 74
9 22
1 17
9 64
3 34
6 38
8 34
6 22
8 34
10 86
3 14
7 18
5 31
5 81
4 20
8 74
8 98
9 19
1 11
9 36
5 67
1 16
1 13
3 14
5 15
10 20
3 13
7 85
10 73
2 17
5 94
8 27
5 57
7 74
4 14
8 72
6 69
5 11
2 79
10 57
3 78
1 34
4 84
8 84
2 15
6 33
8 70
9 37
4 78
10 36
4 71
2 12
7 94
5 40
9 96
8 73
9 40
3 90
10 4
6 47
7 21
8 63
3 99
10 6
8 50
1 80
1 81
10 11
7 17
9 71
9 92
5 26
8 100
7 38
6 82
1 47
6 57
3 63
1 15
7 93
5 13
3 35
4 4
7 53
9 24
8 52
7 23
8 68
6 18
3 77
10 56
5 91
4 68
5 60
5 95
4 41
10 11
6 87
9 84
4 25
7 66
9 45
6 81
5 89
3 61
10 55
7 74
7 3
2 34
6 82
6 21
1 0
1 6
5 12
3 0
1 50
9 41
2 100
8 96
6 59
5 57
10 81
10 47
8 53
2 53
6 62
9 61
8 29
1 80
5 9
8 91
6 10
8 42
5 48
3 56
6 35
9 81
2 20
8 31
10 48
2 23
6 93
10 92
3 24
10 2
2 15
4 92
9 87
9 19
10 57
9 56
5 5
2 50
5 31
2 5
2 32
9 44
6 3
10 17
7 45
10 62
4 9
5 47
9 57
9 5
9 9
4 89
4 16
4 47
3 59
3 2
1 80
5 85
1 9
6 91
4 97
3 92
5 12
5 10
2 37
10 78
5 45
8 64
9 94
9 61
1 31
7 13
6 81
10 46
9 36
2 20
9 35
4 33
3 3
4 79
5 9
8 88
5 79
2 31
9 64
9 26
4 84
10 23
4 54
5 100
5 45
7 47
8 33
4 97
6 8
1 1
1 100
5 43
9 24
8 39
10 33
1 46
9 28
3 54
2 72
1 90
1 85
9 54
2 39
3 5
8 58
1 63
1 45
9 28
1 46
9 69
6 30
3 83
9 4
7 59
10 24
6 68
4 53
4 86
2 97
9 99
10 48
2 74
6 34
1 78
2 77
4 98
3 64
6 56
10 20
6 18
6 35
6 43
10 28
2 15
9 42
6 43
2 17
6 89
10 85
1 38
2 2
2 85
10 32
8 33
5 80
7 37
9 93
9 63
3 55
9 19
7 11
6 51
2 37
7 51
2 83
2 76
6 76
2 23
2 41
10 56
9 53
10 6
7 30
10 27
4 83
8 54
5 67
5 90
1 43
7 12
4 97
1 86
5 80
8 66
7 91
4 20
10 48
5 27
7 4
1 56
7 19
7 91
4 7
5 63
1 17
10 41
1 18
2 55
3 93
1 90
4 47
1 54
9 20
8 23
5 88
1 84
2 5
1 77
9 73
7 94
8 52
1 20
10 93
2 14
3 54
6 91
9 51
8 5
6 37
5 32
1 58
6 79
9 73
9 85
2 84
8 67
10 62
9 81
10 57
9 2
8 97
1 65
1 19
10 35
5 43
7 47
6 68
7 72
5 100
10 88
9 31
5 36
2 28
7 7
2 27
2 68
6 73
9 82
2 64
9 75
8 5
2 24
8 82
10 56
8 19
6 88
9 67
1 4
8 91
8 13
4 100
3 10
7 21
8 68
8 14
1 20
8 5
6 89
5 80
1 9
2 4
1 44
6 19
8 25
9 68
4 74
3 86
5 75
6 84
10 32
10 67
7 93
8 46
1 42
3 30
10 69
1 66
1 52
4 27
9 70
5 61
7 62
9 36
5 87
6 72
5 16
10 45
8 77
8 55
10 37
2 94
5 85
3 42
10 12
2 95
9 45
1 39
10 63
4 7
6 1
7 93
3 7
7 11
8 53
5 23
5 2
7 31
10 94
5 62
8 30
3 20
3 64
4 42
9 60
9 8
6 5
2 57
8 17
1 61
3 27
4 96
9 40
8 58
4 65
3 36
2 14
4 2
5 36
3 85
6 18
8 97
3 3
10 87
9 5
1 44
2 38
7 67
7 40
3 92
6 50
10 40
4 13
3 30
8 85
1 89
1 89
6 93
10 80
2 7
3 85
7 0
9 83
7 24
4 92
1 18
4 83
1 37
9 52
8 40
5 72
4 84
5 51
4 19
1 90
5 79
5 79
6 89
10 1
4 2
8 23
10 97
1 82
5 72
1 30
5 80
7 86
4 7
7 73
3 79
5 75
3 6
10 33
8 14
4 2
9 69
2 86
3 35
3 74
3 74
8 15
8 99
6 54
4 73
2 65
3 53
7 43
7 38
6 95
1 57
2 50
8 7
3 43
5 98
4 61
5 79
1 72
5 56
8 45
5 94
3 2
2 45
3 75
6 56
1 57
7 31
7 65
10 14
1 52
4 73
2 27
7 40
5 19
4 61
3 98
1 68
7 1
2 35
8 39
4 63
7 12
8 91
6 91
1 40
1 38
10 57
5 95
3 63
7 0
9 26
7 1
2 28
8 70
3 8
8 52
3 27
9 82
2 77
10 7
8 65
9 95
6 98
8 92
6 71
3 76
8 56
2 28
10 68
3 78
8 68
2 83
4 38
1 85
2 76
7 62
2 18
7 67
4 42
1 33
1 1
9 50
8 61
8 40
3 15
6 16
5 13
10 39
3 63
9 74
8 29
4 24
8 58
6 5
1 99
1 31
5 85
8 88
6 32
3 100
3 39
4 89
8 71
5 29
3 30
1 85
4 81
4 70
7 4
7 15
10 69
2 60
6 75
3 87
3 55
6 18
6 91
9 59
4 85
10 29
9 51
4 71
4 68
1 71
9 33
4 7
3 0
5 27
7 80
7 11
1 51
10 25
7 9
7 90
5 59
9 34
5 49
1 71
6 32
6 15
6 62
2 92
7 88
3 77
3 81
7 85
10 94
9 77
4 84
10 84
8 82
1 35
2 91
2 21
4 95
9 42
4 28
5 14
5 79
8 47
3 92
6 93
8 10
2 18
7 87
3 59
2 20
3 97
4 96
1 99
9 81
1 63
5 47
4 47
3 25
5 47
4 12
5 50
3 57
1 58
4 82
5 93
2 26
10 38
4 49
2 70
10 52
5 83
6 30
2 14
4 16
3 95
10 39
2 33
7 17
8 7
2 71
3 30
2 9
7 3
6 78
3 95
4 15
5 41
2 22
5 48
6 85
5 14
3 73
2 36
2 60
8 52
6 27
10 84
2 100
6 0
6 77
4 18
6 93
2 82
4 28
9 88
10 39
4 44
7 14
5 77
10 26
4 15
1 91
5 37
6 2
4 5
2 5
1 80
8 91
1 26
2 68
9 16
10 31
3 74
10 61
3 67
6 75
2 11
4 3
9 57
7 64
7 59
8 38
1 31
2 50
9 83
3 20
5 8
4 81
5 30
4 37
4 22
9 76
6 41
2 71
1 54
10 89
3 0
2 6
3 73
1 21
4 3
4 46
7 84
2 92
4 1
4 22
3 90
2 13
1 48
7 8
10 91
5 85
3 24
7 96
7 82
1 0
9 81
5 40
3 30
5 48
5 73
7 95
2 17
10 63
9 20
9 27
10 70
8 77
7 60
7 50
6 21
3 31
5 86
4 32
9 50
8 50
9 63
6 32
8 5
4 49
1 65
3 54
9 98
1 34
1 36
4 88
8 99
8 47
8 83
8 60
1 84
4 43
5 54
10 47
9 29
4 34
6 95
5 91
2 43
2 75
3 58
3 6
2 3
4 6
7 44
1 5
2 63
2 25
1 37
6 29
5 53
9 60
6 67
8 42
1 50
7 75
9 35
7 75
8 53
6 53
10 94
10 53
7 36
5 4
5 51
5 2
2 99
6 21
9 66
9 29
4 77
2 31
6 53
4 57
9 93
1 0
1 7
3 35
5 67
9 72
1 14
2 68
10 57
8 54
10 51
2 61
6 30
7 16
2 67
2 1
3 79
7 55
9 56
2 58
3 62
3 80
7 91
10 80
5 49
1 74
1 80
4 46
5 54
4 69
10 25
7 71
4 40
5 81
8 70
6 23
7 89
6 69
4 54
8 84
1 35
8 88
3 76
9 19
2 39
8 88
9 92
8 13
7 52
1 51
7 78
7 57
4 79
8 87
9 66
7 79
4 18
7 60
5 86
10 34
6 59
9 37
8 55
7 90
6 72
7 76
7 96
6 0
6 56
2 97
4 77
2 71
10 10
9 52
10 16
2 48
5 6
7 79
8 82
8 84
1 26
2 78
5 80
3 50
4 48
2 58
9 45
3 45
2 100
2 41
4 43
3 44
2 75
4 89
10 57
9 71
1 0
10 25
6 23
2 25
1 47
1 72
6 87
8 79
2 33
8 20
6 63
8 9
7 20
6 75
9 6
9 9
8 78
7 8
9 91
7 28
1 80
8 69
4 12
1 66
2 42
3 60
4 37
4 2
8 14
7 48
10 3
8 49
2 11
6 31
2 78
8 90
9 43
7 80
1 30
4 81
9 45
2 63
1 56
7 91
9 19
1 40
3 42
3 41
10 46
4 58
2 52
7 34
2 2
8 14
9 54
6 93
3 38
9 90
2 84
8 15
5 95
4 37
6 66
4 91
4 81
1 96
3 20
8 22
9 81
10 91
8 82
9 80
3 86
1 13
2 27
9 81
7 54
1 82
8 19
8 13
9 66
3 73
8 46
1 10
9 45
10 19
1 0
3 65
1 96
7 99
2 6
7 1
9 27
6 51
7 2
7 30
4 16
3 62
4 11
1 25
8 88
1 6
2 42
5 0
3 12
7 17
1 82
7 59
5 25
8 98
10 79
1 19
10 19
3 41
7 85
3 47
5 31
5 35
6 30
3 97
7 54
6 18
3 69
5 44
6 60
3 50
7 85
3 22
7 27
1 61
9 46
10 62
8 5
1 54
6 77
6 38
1 18
1 86
10 62
6 36
4 99
9 98
1 62
3 11
3 63
8 62
10 47
1 31
10 44
3 1
1 97
8 13
7 67
3 78
3 80
3 5
3 67
8 99
6 51
1 3
9 73
7 38
10 77
2 18
6 29
9 39
5 81
3 8
6 2
9 50
7 34
4 18
3 87
6 22
1 70
3 70
9 59
5 35
10 9
4 39
10 17
5 24
5 87
8 29
1 77
4 24
9 36
6 21
6 10
7 51
1 34
8 72
10 37
9 94
8 15
2 99
5 14
9 69
7 95
7 68
2 0
6 82
3 0
3 50
7 75
1 76
6 46
4 60
5 62
8 28
3 75
3 88
9 82
3 33
2 96
6 23
8 6
6 39
1 24
10 79
7 60
3 10
8 28
9 89
8 46
10 4
9 11
2 63
9 91
1 40
2 5
6 99
2 27
2 65
6 18
6 89
2 64
2 85
3 4
7 34
4 3
8 67
7 47
7 8
1 53
1 74
10 74
9 44
1 63
7 36
3 98
1 52
2 75
9 100
8 43
5 31
3 60
8 82
8 50
2 6
8 77
9 36
8 69
3 23
6 10
4 5
7 39
8 18
9 96
3 65
3 83
7 49
2 55
7 97
1 36
9 96
3 68
7 41
8 13
3 1
2 60
4 11
1 38
5 96
4 37
4 15
2 63
2 19
6 79
7 16
7 24
5 4
4 56
4 60
4 25
4 18
9 6
5 30
6 35
1 71
5 28
10 80
1 51
4 74
9 1
8 48
4 15
7 73
8 90
8 36
10 46
1 29
1 15
5 80
2 50
10 98
6 53
2 97
1 80
9 14
6 39
5 48
1 76
2 65
7 84
6 58
7 52
3 96
6 77
9 23
5 11
5 35
4 2
2 54
1 57
1 41
1 26
8 23
3 13
3 35
7 98
6 37
1 34
4 77
5 73
2 21
6 13
1 97
7 14
2 0
8 87
2 74
5 84
1 58
1 12
2 70
10 65
5 53
2 2
7 13
6 10
5 38
7 39
7 2
5 12
3 40
3 41
3 21
9 57
9 39
4 86
8 31
5 64
5 40
2 69
8 99
1 15
4 100
2 37
10 1
7 97
8 82
8 57
1 57
1 10
1 17
3 60
2 60
6 70
4 22
10 47
9 68
2 60
5 1
9 32
7 92
10 39
7 83
4 18
10 31
6 47
3 7
2 57
10 33
3 60
7 72
9 22
10 2
2 49
1 79
2 20
8 8
8 77
6 94
5 21
2 70
4 63
3 57
8 24
4 61
8 100
9 87
5 0
7 50
8 91
8 41
10 21
6 17
1 19
2 26
4 97
3 71
9 67
2 0
4 95
4 77
5 99
8 97
3 18
6 31
7 26
1 68
8 73
8 85
1 56
1 16
8 61
4 49
7 67
8 16
8 65
9 7
5 74
5 43
7 33
10 0
5 52
1 4
2 84
5 54
7 44
4 89
5 50
8 43
4 67
7 89
9 51
6 54
5 14
4 91
10 100
1 9
8 59
3 82
4 41
8 63
5 72
8 11
3 48
2 87
4 51
5 5
6 37
7 90
1 94
4 28
10 7
6 87
2 75
2 94
6 92
8 13
1 20
4 9
9 70
8 69
1 20
1 73
1 31
2 34
10 100
2 13
2 58
6 39
4 16
5 15
6 81
8 91
2 96
7 25
8 57
6 25
10 49
10 72
4 90
9 66
10 79
3 59
2 82
6 34
1 97
7 79
5 57
8 49
10 63
4 100
6 35
9 4
7 57
10 29
5 27
8 75
7 80
10 49
5 89
6 100
2 56
3 33
2 80
6 58
2 78
1 58
8 27
4 71
10 2
2 88
10 37
3 59
10 37
2 92
4 23
2 45
10 94
2 16
1 81
10 1
7 86
10 11
5 24
2 85
7 2
7 19
5 17
5 98
6 46
8 79
10 5
2 92
7 38
7 19
4 94
4 30
9 69
9 88
3 23
4 85
8 74
2 43
9 12
1 88
2 42
7 3
6 82
7 20
10 9
6 94
9 47
4 84
3 41
10 81
2 76
3 94
6 12
10 73
9 47
3 48
9 95
5 34
2 23
3 9
10 15
6 96
2 50
6 88
9 77
9 83
4 78
2 58
5 8
7 25
9 47
3 86
10 86
10 34
10 19
6 32
5 80
2 97
1 84
5 78
9 33
4 58
9 16
8 100
2 67
8 3
9 99
6 17
3 19
5 66
5 31
6 92
9 74
4 87
2 37
4 26
6 54
4 1
2 32
2 0
1 26
5 81
9 57
8 100
3 95
10 3
8 6
3 75
5 64
2 31
10 19
4 67
1 50
4 1
7 4
2 73
7 55
1 5
10 57
10 3
2 100
9 53
5 37
6 86
7 71
7 65
10 100
10 65
4 23
2 52
9 29
3 21
6 15
2 48
4 6
4 63
4 3
7 79
4 32
3 48
9 41
7 43
10 21
8 81
4 23
8 92
4 37
2 55
8 2
5 31
2 96
9 100
8 14
1 84
1 67
5 92
8 51
6 86
7 69
4 60
9 81
4 48
1 29
7 58
4 93
4 44
6 16
7 25
10 65
8 22
10 48
6 54
9 83
3 7
5 15
2 94
8 27
9 59
7 10
3 75
3 99
3 56
9 97
4 44
7 64
10 27
8 93
7 16
9 58
10 4
6 60
1 12
6 54
7 80
1 53
2 94
5 41
1 1
5 77
8 24
5 31
3 94
8 58
8 100
2 8
10 59
6 66
2 20
3 24
8 27
8 89
8 87
9 20
10 17
2 91
4 95
6 9
3 38
9 97
5 7
10 100
4 82
1 33
8 16
9 20
10 80
9 30
3 22
4 93
5 4
8 67
6 52
6 43
1 38
9 36
10 65
10 74
1 8
1 77
5 54
2 31
6 55
7 4
3 17
7 70
2 45
8 74
7 34
10 24
4 42
2 97
5 24
10 52
1 85
1 35
2 88
7 93
5 24
1 88
1 99
2 85
2 67
1 81
6 60
8 39
2 88
10 34
6 37
6 93
4 7
1 49
8 98
10 11
7 46
1 29
6 27
10 74
2 1
4 34
9 5
1 92
1 70
1 22
8 91
1 57
4 33
7 47
4 65
5 22
10 75
8 20
2 66
1 66
4 80
2 65
8 69
7 61
4 11
3 15
1 31
8 85
8 4
10 88
3 71
7 0
10 46
4 76
9 31
5 90
4 97
7 85
9 88
2 13
2 73
6 3
9 12
4 38
4 39
3 95
10 100
6 31
8 49
3 9
9 54
5 80
8 15
5 49
1 0
2 23
4 0
1 4
10 34
5 34
7 13
8 73
2 28
2 36
5 88
5 98
8 83
7 89
5 5
3 70
3 18
9 47
10 68
5 20
7 33
9 17
10 8
9 94
8 25
9 79
1 4
8 47
1 74
9 71
5 99
5 95
4 68
8 9
5 2
6 76
5 17
3 5
5 75
6 21
5 80
6 1
10 76
5 96
2 88
8 48
8 67
1 99
1 82
3 34
4 36
4 71
6 66
3 20
6 69
7 67
4 29
8 28
1 86
4 68
7 45
9 46
1 69
5 7
1 14
10 20
4 33
3 43
9 75
2 93
6 65
9 23
9 99
5 80
10 28
9 78
4 9
2 25
8 70
6 82
8 69
5 97
7 96
8 29
1 42
9 79
2 41
4 33
5 33
9 47
5 52
8 6
6 79
6 59
2 1
8 62
2 11
1 68
2 38
4 79
5 45
3 80
5 19
2 25
4 81
10 77
3 91
1 7
8 12
9 59
6 31
8 74
1 43
4 42
5 90
2 14
5 28
3 67
8 4
4 6
1 41
4 30
6 83
4 62
2 7
10 29
2 12
4 56
4 2
2 21
1 32
9 79
2 51
5 77
2 15
7 90
7 17
6 93
5 60
8 77
4 37
4 31
7 65
5 48
9 29
4 19
9 43
1 66
10 33
5 4
9 10
8 1
9 53
9 19
9 94
10 47
4 55
1 38
2 53
2 11
2 91
2 83
10 10
5 56
6 41
10 71
4 41
8 92
3 27
4 90
5 38
7 11
9 27
10 19
3 6
7 16
1 20
1 26
1 58
7 94
4 77
6 11
9 88
8 82
3 3
5 26
8 89
3 90
1 54
10 67
1 21
4 40
8 23
5 62
7 37
2 23
10 37
1 55
9 66
9 22
3 54
9 32
5 58
9 30
2 21
3 29
2 57
3 66
2 0
4 5
7 7
7 77
9 4
4 24
10 85
10 72
9 39
9 64
5 91
6 11
6 63
9 94
5 26
7 89
10 71
6 66
2 21
4 46
2 51
1 1
9 37
7 59
4 81
3 33
2 96
8 11
8 6
8 4
8 36
6 61
5 55
6 84
2 38
3 17
2 31
10 86
8 86
2 5
3 60
3 81
10 86
4 33
4 73
10 29
4 59
4 60
6 65
9 80
4 63
6 30
1 56
5 4
6 76
10 23
4 29
2 54
4 76
6 24
10 36
5 47
1 12
9 96
8 88
7 27
8 76
10 96
7 45
3 92
3 9
5 50
10 8
4 57
9 72
5 6
1 43
4 90
2 79
10 77
7 62
7 73
7 99
9 96
7 16
10 25
10 13
10 54
10 81
5 33
7 61
3 84
9 57
1 80
9 9
8 6
6 93
5 47
7 99
4 83
10 54
5 67
9 76
4 17
7 86
6 100
7 94
7 91
10 2
5 82
8 5
7 89
6 15
6 62
8 70
9 76
4 86
6 73
7 9
10 25
6 44
10 45
3 5
6 92
1 88
5 82
4 27
10 14
4 83
1 55
5 2
3 9
1 41
2 78
5 97
1 64
3 18
6 49
5 4
6 37
5 15
5 44
1 48
3 79
1 5
7 69
1 63
2 44
9 37
3 15
6 52
10 84
9 44
9 29
1 79
4 66
3 99
6 28
1 79
4 47
4 90
9 94
10 93
6 77
7 64
6 43
5 99
5 9
7 60
4 76
4 2
8 58
6 76
4 98
1 5
9 94
5 51
2 71
10 13
7 43
8 10
4 91
5 90
1 94
5 35
10 23
3 10
3 41
8 35
9 19
6 62
1 17
1 23
8 57
5 59
10 56
3 31
10 87
10 67
4 66
7 88
9 69
3 78
7 67
10 24
7 25
3 63
9 70
6 41
3 67
4 45
5 12
9 57
9 17
6 13
1 26
3 42
3 89
9 17
6 34
9 53
3 31
6 45
2 67
7 99
2 31
7 68
6 15
1 29
10 6
1 54
2 34
10 70
1 0
7 51
4 41
7 70
7 51
3 25
8 29
1 95
7 94
8 45
1 95
4 74
6 77
1 68
7 66
8 90
9 20
4 71
1 95
10 91
1 44
10 87
2 78
2 14
2 69
3 70
8 19
9 98
8 70
2 91
4 51
5 35
4 49
10 9
1 45
2 14
5 20
6 46
7 24
9 30
3 65
5 15
1 20
4 49
6 51
1 67
9 61
7 69
7 52
5 23
8 87
4 66
1 25
7 29
1 72
1 74
6 50
5 22
10 62
8 37
2 48
4 81
1 35
6 64
6 92
1 22
9 43
6 23
8 29
7 68
9 74
8 100
1 88
4 7
7 73
1 90
10 16
8 0
9 97
10 57
5 37
4 71
5 97
8 54
7 47
1 72
3 60
1 37
8 73
3 55
3 18
9 81
1 62
3 21
2 31
7 4
7 88
2 30
7 57
4 83
2 62
10 44
4 28
10 21
3 18
4 12
7 48
5 92
7 34
4 40
8 49
1 56
6 100
2 12
3 92
4 86
7 90
4 53
6 42
1 53
10 96
2 48
7 45
3 12
9 65
9 74
7 75
9 74
4 34
5 89
7 73
3 45
9 81
9 76
2 59
8 23
7 81
3 55
3 14
7 13
7 20
9 51
6 29
7 77
3 5
1 3
4 69
6 35
6 34
3 50
6 10
9 57
5 75
2 23
10 15
3 73
3 35
5 43
2 29
7 51
3 40
6 28
1 50
8 61
5 17
6 99
10 56
1 77
7 11
4 67
8 56
2 94
8 31
2 79
2 17
10 70
2 45
6 5
2 47
9 54
3 92
10 34
3 15
7 79
3 62
1 59
2 29
2 62
10 93
6 81
8 2
7 42
10 45
9 81
5 33
7 43
9 45
1 36
7 71
3 47
4 63
3 66
3 56
3 88
5 80
9 82
1 14
10 95
9 48
9 22
8 14
10 5
7 52
6 6
8 99
5 60
2 37
3 91
4 85
6 37
1 59
1 79
1 40
4 97
4 81
2 78
8 41
6 27
7 85
7 54
2 82
3 77
4 3
9 100
2 48
3 18
6 35
1 8
7 14
10 68
4 25
3 43
8 54
7 37
6 6
8 80
8 31
6 74
6 40
5 23
2 52
3 26
10 98
10 2
2 80
7 41
1 31
4 33
2 83
10 52
6 24
4 62
2 3
6 35
8 84
9 71
9 90
6 53
6 92
6 30
4 78
8 68
4 93
5 22
1 89
7 24
1 66
4 36
5 71
2 63
5 51
9 25
6 72
9 66
3 14
4 11
5 84
10 35
3 66
4 25
6 30
9 65
5 74
6 12
4 43
7 67
9 61
2 19
3 11
3 45
3 42
4 7
7 64
5 9
1 34
4 80
8 49
10 77
2 86
6 7
2 23
10 72
3 59
8 40
5 28
3 10
1 44
10 15
2 71
1 57
7 44
9 66
4 36
10 76
3 38
10 10
2 93
3 98
10 74
9 64
3 60
6 93
8 31
7 70
5 37
5 12
10 38
3 77
6 88
2 57
6 40
3 33
2 31
9 79
4 94
7 9
1 33
8 35
10 58
9 74
7 85
4 86
2 22
5 26
9 86
6 34
9 15
7 89
2 3
9 69
3 74
3 23
1 77
9 2
2 93
2 77
1 76
5 55
6 90
2 48
7 31
4 91
10 65
6 42
5 3
2 82
10 33
5 3
7 49
8 58
9 81
6 8
5 21
6 72
4 43
3 73
9 41
1 79
2 66
8 14
4 93
7 10
10 22
2 20
4 68
1 97
7 69
4 77
10 69
7 88
2 9
5 39
7 83
5 46
5 43
3 30
7 77
7 88
3 22
9 49
5 50
4 49
8 76
4 9
10 22
4 81
5 75
5 20
6 99
5 32
1 57
7 99
10 23
5 1
3 8
6 10
9 58
5 21
9 25
6 60
10 91
1 72
7 24
7 27
5 40
3 20
10 69
4 68
2 7
10 34
3 40
7 71
6 35
9 45
4 97
7 55
6 24
10 95
7 91
3 35
8 84
2 37
6 10
4 12
10 86
8 85
9 3
8 72
5 55
6 12
10 74
2 13
5 14
2 6
4 33
9 55
9 35
10 23
5 30
5 64
2 10
4 63
10 9
2 89
6 17
5 100
1 43
9 4
3 54
8 83
8 80
5 6
8 3
4 29
3 67
7 91
3 18
7 85
1 19
10 43
3 73
5 8
1 94
2 86
7 76
3 8
6 5
6 11
8 84
1 2
1 12
4 14
3 51
7 23
1 88
3 82
2 91
5 57
8 21
7 31
2 66
9 50
10 51
3 74
4 74
10 64
2 11
3 39
10 53
3 9
8 85
10 87
6 21
5 9
5 38
6 15
6 54
10 47
9 67
7 24
7 56
10 31
7 84
10 48
7 49
3 64
1 52
3 54
10 14
10 80
8 62
8 56
7 3
10 56
10 22
2 31
1 42
4 83
2 26
1 67
4 98
6 42
4 72
1 19
3 89
8 90
5 9
8 64
2 51
9 3
3 92
3 78
2 0
2 67
9 5
1 59
3 13
5 22
1 8
4 56
8 2
3 91
2 28
9 45
7 7
8 86
1 6
3 1
3 91
2 96
3 44
1 88
4 57
7 74
10 5
9 100
6 97
10 22
10 22
10 72
1 36
2 29
3 14
5 8
2 25
9 82
8 31
3 30
6 36
8 60
4 0
3 82
4 11
10 98
10 96
7 49
7 12
10 78
6 53
6 42
1 4
10 21
1 23
10 20
3 87
8 80
1 63
9 64
8 77
3 22
8 70
7 87
9 71
8 4
3 23
10 23
6 52
5 23
4 66
6 81
3 86
9 71
8 51
10 52
2 74
9 94
3 89
4 41
5 41
4 91
7 98
1 47
4 81
3 57
9 62
7 85
10 77
9 7
6 93
2 38
5 31
5 78
10 13
2 83
2 19
8 92
5 19
5 95
8 9
7 72
1 59
5 69
2 4
6 24
4 35
7 6
8 82
6 14
7 88
7 69
10 31
10 79
2 70
3 38
10 44
6 93
1 18
1 24
4 65
7 20
6 25
5 50
9 22
4 16
7 42
8 41
2 36
3 80
8 78
5 1
10 37
2 38
4 30
1 91
7 83
5 56
4 39
6 43
9 43
3 9
7 5
4 14
5 18
3 46
10 36
3 47
2 44
8 12
9 0
8 62
9 93
5 60
9 99
1 81
8 66
10 35
7 74
1 2
1 71
7 84
6 17
3 69
10 71
7 79
10 52
2 84
4 21
10 2
3 32
3 5
3 1
6 68
4 37
3 16
10 74
2 85
5 65
8 81
8 92
7 48
1 52
7 48
3 46
1 1
6 37
1 6
6 58
4 28
4 30
2 70
5 69
9 91
9 49
2 80
4 36
4 5
9 65
4 34
9 52
1 4
2 79
4 59
6 9
8 5
8 58
9 63
5 78
5 41
1 95
9 10
6 78
5 97
1 36
8 70
4 12
1 6
10 38
7 2
3 85
8 60
5 74
9 71
10 44
2 81
4 78
8 58
2 100
8 99
3 68
10 41
8 97
1 90
4 82
8 94
8 19
4 27
2 56
2 82
2 79
4 42
10 14
7 25
9 38
10 8
3 0
10 28
8 70
5 48
4 47
2 14
1 76
6 35
5 35
9 15
8 73
5 56
1 41
6 32
8 92
4 83
9 95
1 14
4 81
3 86
4 71
4 0
8 51
4 27
10 75
5 11
8 0
8 46
8 38
3 65
2 8
5 69
3 56
2 48
7 12
2 60
10 18
5 13
2 12
7 36
8 78
5 2
9 21
1 3
7 31
1 64
2 74
7 50
5 82
4 15
2 74
8 89
6 79
7 56
7 36
1 85
10 87
6 74
2 27
3 5
5 96
3 82
3 95
7 98
2 36
10 96
5 0
9 69
8 59
6 98
6 55
6 24
9 63
4 78
7 72
5 30
5 78
4 89
7 35
7 6
4 43
3 20
2 11
10 75
5 15
7 59
4 86
2 19
3 74
8 72
7 98
6 22
1 57
3 24
7 72
2 15
4 94
8 63
4 57
4 68
8 4
1 19
10 32
6 54
7 96
8 24
5 20
8 63
10 5
10 3
9 12
8 36
10 82
3 79
1 3
4 0
4 7
8 59
3 75
3 62
9 77
5 56
4 88
9 95
10 83
3 51
6 41
7 56
4 86
10 59
6 97
10 5
1 10
7 71
3 95
1 2
6 91
6 84
1 0
2 4
6 26
9 63
8 2
6 71
5 83
9 96
10 98
1 4
3 60
4 82
2 76
3 30
8 15
7 62
6 10
9 34
6 88
4 0
2 11
7 89
2 26
10 80
7 70
2 91
8 98
1 13
2 34
9 44
9 13
7 4
10 57
1 28
6 64
10 63
5 85
9 0
6 2
4 22
4 38
3 81
4 66
1 87
1 87
9 44
8 52
1 49
4 78
6 32
6 38
8 43
5 60
4 3
4 66
3 62
2 28
2 35
6 85
2 77
10 85
4 88
3 53
5 49
10 5
2 20
9 38
3 18
3 15
6 69
8 70
2 41
9 47
10 15
10 14
3 70
1 81
6 99
3 10
4 89
8 82
3 57
2 81
7 48
1 61
10 10
9 84
7 64
2 90
8 8
8 9
7 74
7 86
9 31
8 53
3 85
6 81
5 12
2 37
4 37
9 30
3 70
7 72
9 45
4 82
8 7
1 94
9 96
10 17
8 78
6 10
6 82
9 67
4 65
5 40
5 64
2 40
6 60
6 18
3 5
9 7
8 55
8 55
6 8
10 48
7 54
4 49
3 68
6 44
9 29
5 88
7 12
7 51
1 77
5 85
10 97
2 8
6 64
4 87
4 33
5 91
9 92
8 90
3 94
6 47
7 23
9 60
4 26
2 10
8 81
5 72
10 20
6 2
2 84
2 12
4 56
2 94
1 77
3 67
3 75
10 74
1 64
8 14
1 16
6 72
5 97
4 100
4 12
1 96
4 24
5 66
2 16
1 29
5 46
9 72
9 46
4 80
1 49
8 43
6 34
9 57
4 58
7 71
10 86
1 71
3 54
6 72
8 5
9 57
5 0
4 54
1 13
1 16
4 55
3 3
3 50
4 23
1 13
2 60
3 80
3 87
10 29
1 17
8 20
7 49
1 55
1 92
5 95
10 40
7 44
7 53
8 2
8 78
3 91
5 77
3 49
2 79
3 38
5 67
9 95
5 61
8 1
4 47
1 70
4 37
3 88
6 39
9 95
10 38
6 22
2 61
9 34
10 79
7 71
1 34
6 25
2 92
9 46
1 51
4 98
3 18
9 99
6 93
9 49
9 80
10 9
5 70
2 47
7 15
7 88
6 98
1 75
7 8
4 41
1 12
10 4
10 81
7 8
8 45
3 71
4 33
4 47
2 17
10 46
10 50
7 39
4 95
4 80
1 43
3 72
9 64
5 0
4 78
7 28
8 50
7 60
7 60
8 61
3 5
1 18
6 98
6 43
