100
3 11000000 26000000 6000000
3 10 1 11
3 8686172 28041910 28041910
3 13261171 63732453 63732453
3 31009093 96847582 96847582
2 45869703 95247396
2 21428523 96630101
3 23519282 23519282 98579135
3 76742232 76742232 32150070
3 98449766 47943445 47943445
2 6674719 83727692
3 48625476 97972595 48625476
2 50435927 32050113
2 63613196 43461327
2 12651869 16927573
3 51419263 31600960 31600960
3 12499180 8843309 8843309
2 72019891 38739441
3 34853644 51244408 34853644
2 12154093 13764533
3 61617215 61617215 39003572
2 41192030 82225488
2 2866431 40130034
2 23025471 46050942
2 39203426 78406852
3 48231713 48231713 96463426
2 1945353 27234942
3 91818391 13116913 13116913
2 27192548 13596274
3 17882643 35765286 35765286
3 24395968 24395968 97583872
3 2447392 2447392 51395232
2 64862636 48646977
3 64286037 42857358 42857358
3 80686396 60514797 60514797
3 95146656 95146656 98119989
2 42540930 21270465
3 30549183 30549183 40732244
3 85925250 94517775 85925250
2 62639208 73079076
2 84130784 73614436
2 91916808 92695764
3 2140 4470 2141
3 50986 50985 4371
3 378486 4371 5395
3 3086475 1304851 7107154
3 88154890 9409144 74077966
3 65793147 12040653 44966709
3 8116574 7138432 3109700
3 53287381 33339039 5318994
3 6546142 20323162 767036
3 41826168 69554778 36859395
3 35635834 24923990 10248732
3 34708956 14140062 19433262
3 21452592 30164400 37260384
3 35932569 43199343 2588102
3 36685610 76681582 6145940
3 12154096 19946494 3996784
3 27354360 19156320 9796944
3 9756978 11074453 2284888
3 8051541 24110316 43947216
3 85711353 16691348 53784938
3 7248561 41715801 24831133
3 14783242 8101602 21842182
3 43453407 70452807 4576107
3 48528627 22609593 3543131
3 14694780 32235954 3455412
3 74772780 60925430 89020000
3 64503916 32299941 67353368
3 20775315 39777667 25025662
3 9342465 55640490 32588838
3 83254440 23930688 62518040
3 42803411 16710399 6450303
3 5053610 779626 8214482
3 31644488 5580362 40971773
3 10992288 4782120 5478814
3 5420678 2676698 895638
3 6644114 4993983 1651845
3 272479 299820 120536
3 19240832 3708096 17028672
3 65577629 62458261 1233307
3 84471322 26727706 63397402
3 19830326 4342839 12065503
3 13649296 22561808 40257178
3 47267042 618062 23094590
3 22907863 5352638 12941850
3 5843770 36502540 18431440
3 17005301 16602673 8651297
3 14544921 3267977 8660028
3 63849560 54544163 16654793
3 25356177 72618711 45082875
3 409913 36754513 24426513
3 40837940 27745276 96253560
3 947317 1988915 1537274
3 856692 1220272 2161976
3 40280856 870877 26608673
3 19842810 45378424 27984944
3 15830521 6576556 4455381
3 3396475 37687211 68642191
3 43939728 990588 55119936
