100
3 26000000 6000000 11000000
3 1 10 11
3 88629951 20459188 88629951
3 36351749 94506491 94506491
3 14288617 3819790 3819790
2 16268797 87964130
2 7548670 97270487
2 51453515 17928743
2 41660705 90324888
2 41571367 91256227
3 89271209 89271209 10741547
2 79721600 14267998
2 419422 699502
2 49169855 51933495
3 26960681 41274512 26960681
2 39369564 31050135
2 34215170 47408055
2 79530766 42168273
3 30156332 30156332 26730986
2 28461713 29604984
3 50136710 50136710 48713963
3 45557177 45557177 52188773
2 10783280 32349840
3 49445896 24722948 24722948
2 743792 44627520
3 36304987 72609974 72609974
3 59050384 29525192 29525192
2 74546883 24848961
2 25554969 76664907
2 46888084 93776168
3 25440641 76321923 76321923
2 95163993 3281517
2 58482792 77977056
3 57303750 57303750 61124000
3 49940007 49940007 33293338
3 39595264 59392896 39595264
3 66876720 62696925 66876720
3 92649285 92649285 96080740
3 84305160 77279730 84305160
3 96507400 96507400 77205920
3 15653817 31307634 15653817
3 66262854 75728976 75728976
3 4545 1971 1972
3 7604 56837 56838
3 8628 7604 367115
3 89729858 75122178 43865758
3 19574588 8834192 1242740
3 29757741 67413863 4679681
3 39925479 14086385 25228139
3 44153421 9902971 11130251
3 50049 5015061 29154553
3 25641927 11443655 59221647
3 9815040 55809408 47321216
3 8258305 1660267 6051034
3 3440042 69072728 21689588
3 2897783 1963454 1182949
3 1281631 1821091 10805287
3 90554274 6511442 55684350
3 24242434 3329058 6767106
3 8211527 1430043 15013053
3 32937472 6640048 19836748
3 25363632 25270000 16713312
3 20030900 17910658 8627408
3 30898328 8874858 58159604
3 62291710 77823298 18436366
3 16899435 2805644 19218264
3 11775665 55399435 32267320
3 25663719 5211269 30639779
3 79239714 67694742 24817222
3 5329521 30939429 22102221
3 29262553 38748351 71663653
3 2642801 3190062 7902991
3 14475775 23937744 47447072
3 76596916 77703343 22052419
3 82850272 41888702 47170810
3 89924277 72197027 20585027
3 4065649 3704155 5050381
3 49802052 38567081 8673096
3 2801733 8207019 3892128
3 18550019 11750777 4426343
3 14195011 29087851 40535965
3 53040573 38519331 54462927
3 22708817 1886459 44176491
3 7883891 4439879 5361761
3 22338129 40677555 67898231
3 13221794 64174913 63399029
3 13213300 3848764 1976087
3 125595 26498976 32379546
3 10364530 28982794 57928585
3 77817354 86507538 1437297
3 26521740 69099114 82478809
3 79603813 3865222 41113990
3 136556 21701090 74722878
3 59897136 39972836 11270811
3 72328352 68213972 39019382
3 2734049 3308696 12957260
3 9112068 29046312 16307000
3 20612789 1525469 34353607
3 35627822 17207342 12069422
3 27393252 37352016 17744868
