100
3 26000000 6000000 11000000
3 1 11 10
3 99543995 99543995 6294246
2 18988206 55891285
3 40732441 92569423 92569423
2 77729767 19304235
3 73895971 27566870 27566870
3 65897480 27361079 27361079
3 49532472 49532472 10463283
3 23649555 23649555 65368383
2 57654968 28500138
2 1973911 14489817
3 78034921 78034921 41886783
2 4383850 8102775
2 7131464 5488099
3 4224483 5090868 4224483
2 85689386 46405368
3 43563356 43563356 72742064
2 50205738 43836513
2 7824517 4414766
2 29996850 18741001
2 55668007 43733506
2 71501835 14300367
3 66140856 66140856 33070428
2 17220288 5740096
2 14447000 28894000
3 7223249 7223249 14446498
2 69842950 34921475
2 33819676 67639352
3 31133782 31133782 62267564
2 20361595 40723190
2 4940865 44467785
2 22971568 45943136
3 27590832 27590832 24525184
2 88531304 99597717
2 83849075 67079260
2 12719546 25439092
3 67231446 44820964 44820964
2 14478302 14945344
3 71842323 82105512 71842323
2 53555220 58018155
3 80337712 80337712 91814528
3 2980 354 353
3 561 49961 49960
3 204788 561 1585
3 9657684 52819869 14156019
3 22486940 1352948 19689420
3 21021149 46779365 40646837
3 20309499 30339162 10354563
3 23911191 11136618 25483563
3 25193642 35929738 12844326
3 75410910 92365492 692788
3 24199625 42238393 13808409
3 2405168 216042 2789897
3 7253430 10040110 23147758
3 30115493 32303651 15335105
3 1652907 26536779 19426563
3 9436074 70244202 38040920
3 11302125 23674226 29371140
3 32622508 81021144 7536304
3 6936534 18586159 1239284
3 5471150 13065242 31304474
3 59376794 14756138 715346
3 263030 7571241 40529962
3 49878388 38979864 22115576
3 68658216 45473016 16329720
3 13537058 3008078 30610982
3 475668 900316 868340
3 317089 28271939 17445629
3 48413479 36332227 97439041
3 4986533 27329544 13096299
3 23333258 613742 8226614
3 1804668 45996363 67158696
3 34509076 24683828 6420516
3 15821647 49599412 39696595
3 68264148 18769293 10940160
3 35398897 2149828 4631437
3 18471963 6955624 18683990
3 20303880 45895563 10421943
3 10835523 29857995 21410127
3 7512616 41063608 76549816
3 29101643 28072738 4114328
3 47115738 83399331 47863347
3 51697082 72420817 24825701
3 38765587 54065016 42382671
3 54080209 24742863 11965345
3 48429800 28002240 6176420
3 4811600 7018137 2494187
3 1739710 358624 23240
3 98290801 63924547 6351757
3 39732137 8505329 67713191
3 12563902 46074770 72408218
3 641636 10226780 2960555
3 59429231 12779967 98145615
3 13754908 40240028 45063288
3 21533843 36426894 6447724
3 10384154 21285119 9108551
3 58207125 36094693 16902197
3 32049245 64036262 47440082
3 1059188 401753 1817114
