50
4 6 4
1 4 2 1
100 10 1
1
5 5 10
2 4 2 3 4 2 1 2 1 3
1 1 1
1
100 2 2
1 2
1000 100 10
4 3 9 1 2 5 6 9 1 10
1 10 10
4 3 4 1 2 5 6 9 1 10
1 10 9
1 1 1 1 1 1 1 1 1
1000 10 9
1 1 1 1 1 1 1 1 1
934 9 10
8 8 8 8 8 8 8 8 8 8
734 3 10
1 2 3 3 2 1 1 2 3 1
345 19 10
10 10 10 10 10 10 10 10 10 10
765 10 10
10 1 10 1 10 1 10 1 10 1
1000 100 10
10 10 10 10 10 10 10 10 10 10
734 20 10
1 2 3 4 5 6 7 8 9 10
631 16 10
10 9 8 7 6 5 4 3 2 1
3 14 7
10 6 10 3 1 7 2
4 6 9
2 3 1 4 2 4 6 3 2
2 12 8
2 10 3 10 3 10 5 5
2 11 9
1 9 2 7 2 10 8 9 7
446 5 10
5 5 5 1 1 5 3 1 1 4
548 14 10
10 5 2 1 3 4 1 3 5 8
73 10 9
2 2 3 5 1 4 1 7 1
165 11 9
1 7 8 1 9 6 3 5 9
9 26 10
6 9 9 5 4 6 1 8 10 6
6 21 9
2 9 2 9 7 6 1 5 6
8 24 9
8 9 3 2 5 7 7 5 7
5 28 10
4 8 3 9 9 5 9 2 5 10
61 12 10
6 8 9 6 8 8 8 6 5 5
128 26 10
7 7 6 7 6 9 9 8 7 9
284 17 8
8 9 8 7 6 7 6 7
93 24 10
9 5 5 6 8 7 9 8 6 5
412 17 8
9 8 8 8 7 6 8 8
562 61 9
8 5 6 7 6 7 7 7 8
382 53 10
6 7 6 5 5 6 7 6 5 7
660 85 8
8 8 5 5 7 5 5 7
34 77 10
6 6 7 6 5 5 7 7 5 5
143 61 6
6 6 6 6 8 9
497 94 7
8 5 9 5 5 9 9
325 87 8
5 9 6 6 6 8 5 6
655 15 8
5 7 7 9 8 7 8 6
352 91 9
6 7 5 9 8 6 8 6 6
112 11 8
9 7 6 9 5 7 5 6
614 3 8
3 3 3 3 3 3 3 3
956 49 6
9 8 9 9 5 6
781 16 9
9 9 7 8 7 5 5 8 5
724 82 9
6 8 8 5 7 7 6 7 6
550 47 9
9 5 6 5 8 7 6 7 8
361 64 5
7 8 5 9 6
477 24 9
7 6 5 9 6 8 6 9 8
